0 0.042735 0.208566 0.025641 0.072422
0 0.068376 0.201176 0.034188 0.066510
0 0.039947 0.271063 0.028042 0.053799
0 0.066667 0.261456 0.029630 0.062766
0 0.038889 0.331267 0.025926 0.058923
0 0.066667 0.325503 0.029630 0.062766
0 0.037037 0.392752 0.029630 0.053799
0 0.066667 0.390190 0.029630 0.058923
0 0.035450 0.456799 0.029630 0.066609
0 0.065873 0.452956 0.031217 0.066609
0 0.036243 0.519565 0.028042 0.066609
0 0.063757 0.517003 0.031217 0.071733
0 0.032540 0.582971 0.031217 0.067890
0 0.063757 0.580410 0.031217 0.062766
0 0.034392 0.641254 0.027513 0.066609
0 0.062963 0.643816 0.029630 0.071733
0 0.037037 0.707863 0.029630 0.066609
0 0.062963 0.707863 0.029630 0.066609
0 0.037037 0.768067 0.029630 0.071733
0 0.064815 0.770629 0.025926 0.084542
0 0.037037 0.829552 0.029630 0.076856
0 0.063228 0.836597 0.025926 0.070452
0 0.098942 0.178836 0.034921 0.066609
0 0.132275 0.169869 0.039153 0.066609
0 0.166931 0.163464 0.040741 0.071733
0 0.204497 0.162824 0.038624 0.080699
0 0.239947 0.153857 0.042857 0.073013
0 0.277778 0.151295 0.041270 0.075575
0 0.315873 0.144891 0.042328 0.080699
0 0.097090 0.242882 0.038624 0.071733
0 0.131481 0.236478 0.037566 0.066609
0 0.166667 0.231994 0.040212 0.067890
0 0.202910 0.225590 0.038624 0.073013
0 0.240741 0.223668 0.041270 0.076856
0 0.276984 0.216623 0.042857 0.073013
0 0.314815 0.209578 0.044444 0.076856
0 0.097090 0.306289 0.038624 0.073013
0 0.131217 0.299884 0.037037 0.075575
0 0.167725 0.294120 0.042328 0.076856
0 0.202646 0.293480 0.042328 0.075575
0 0.238095 0.291558 0.039153 0.071733
0 0.275926 0.282592 0.040741 0.079418
0 0.314815 0.280030 0.044444 0.076856
0 0.096296 0.368414 0.037037 0.071733
0 0.131481 0.367774 0.037566 0.073013
0 0.166931 0.361369 0.040741 0.075575
0 0.201852 0.358807 0.040741 0.073013
0 0.238889 0.356886 0.043915 0.076856
0 0.276720 0.351762 0.042328 0.076856
0 0.314021 0.349841 0.042857 0.080699
0 0.095503 0.433102 0.038624 0.075575
0 0.130423 0.430540 0.038624 0.073013
0 0.164815 0.427978 0.040741 0.075575
0 0.201058 0.428618 0.039153 0.076856
0 0.237302 0.421573 0.040741 0.080699
0 0.275132 0.419011 0.042328 0.075575
0 0.314815 0.419011 0.044444 0.075575
0 0.095503 0.500351 0.035450 0.066609
0 0.128836 0.497789 0.038624 0.071733
0 0.164815 0.493306 0.040741 0.080699
0 0.200265 0.491384 0.040741 0.076856
0 0.238095 0.488823 0.042328 0.079418
0 0.274339 0.486901 0.040741 0.075575
0 0.314815 0.486261 0.044444 0.076856
0 0.094444 0.563757 0.037566 0.075575
0 0.126984 0.561196 0.039153 0.080699
0 0.164021 0.559274 0.042328 0.076856
0 0.198942 0.558634 0.042328 0.075575
0 0.237302 0.556712 0.040741 0.079418
0 0.275132 0.556072 0.039153 0.080699
0 0.313757 0.552229 0.042328 0.080699
0 0.094709 0.631007 0.037037 0.076856
0 0.127778 0.631007 0.037566 0.076856
0 0.161111 0.630366 0.040741 0.075575
0 0.198148 0.626523 0.040741 0.075575
0 0.235979 0.625883 0.042328 0.076856
0 0.273280 0.622040 0.042857 0.076856
0 0.312169 0.622040 0.042328 0.076856
0 0.093386 0.696334 0.035450 0.071733
0 0.126720 0.698256 0.038624 0.075575
0 0.161905 0.695694 0.042328 0.080699
0 0.198942 0.695694 0.042328 0.080699
0 0.236243 0.696334 0.042857 0.071733
0 0.272222 0.697615 0.040741 0.076856
0 0.312963 0.693773 0.040741 0.084542
0 0.091799 0.765505 0.035450 0.076856
0 0.124339 0.761022 0.037037 0.075575
0 0.160317 0.764865 0.034921 0.075575
0 0.196296 0.765505 0.040212 0.076856
0 0.234392 0.769988 0.039153 0.075575
0 0.273280 0.767427 0.038624 0.080699
0 0.313757 0.767427 0.042328 0.080699
0 0.093651 0.828271 0.031746 0.076856
0 0.125132 0.834676 0.038624 0.071733
0 0.160317 0.836597 0.034921 0.075575
0 0.197354 0.836597 0.039153 0.075575
0 0.234392 0.838519 0.042328 0.071733
0 0.274339 0.839159 0.040741 0.070452
0 0.311905 0.839159 0.046032 0.070452
0 0.356878 0.124396 0.046032 0.070452
0 0.397354 0.117351 0.042328 0.066609
0 0.437302 0.116070 0.040741 0.071733
0 0.479894 0.108384 0.044444 0.066609
0 0.520635 0.103901 0.044444 0.075575
0 0.563228 0.101979 0.048148 0.071733
0 0.607672 0.096856 0.043915 0.071733
0 0.356614 0.187802 0.042328 0.071733
0 0.397354 0.187162 0.042328 0.073013
0 0.438095 0.180117 0.042328 0.076856
0 0.478836 0.180117 0.042328 0.076856
0 0.520635 0.176274 0.044444 0.076856
0 0.563228 0.173712 0.044974 0.071733
0 0.607672 0.169229 0.043915 0.080699
0 0.355820 0.258254 0.040741 0.071733
0 0.395767 0.256973 0.042328 0.066609
0 0.437302 0.252490 0.040741 0.075575
0 0.478042 0.248006 0.043915 0.076856
0 0.520635 0.242882 0.044444 0.076856
0 0.562434 0.240961 0.046561 0.080699
0 0.606614 0.240961 0.046032 0.080699
0 0.356878 0.324222 0.042857 0.075575
0 0.396561 0.321660 0.040741 0.080699
0 0.436508 0.321020 0.042328 0.071733
0 0.478042 0.319098 0.043915 0.075575
0 0.520635 0.312694 0.044444 0.070452
0 0.563228 0.315255 0.044974 0.075575
0 0.607672 0.312053 0.048148 0.071733
0 0.355026 0.395314 0.042328 0.066609
0 0.395767 0.390831 0.039153 0.067890
0 0.435450 0.390831 0.044444 0.075575
0 0.478836 0.390831 0.042328 0.075575
0 0.520635 0.386988 0.044444 0.075575
0 0.562434 0.386348 0.046561 0.084542
0 0.608730 0.384426 0.046032 0.073013
0 0.355026 0.463204 0.042328 0.066609
0 0.396561 0.463204 0.040741 0.066609
0 0.435450 0.460642 0.044444 0.079418
0 0.476984 0.460642 0.042857 0.079418
0 0.520635 0.458080 0.044444 0.076856
0 0.562434 0.458721 0.046561 0.075575
0 0.608466 0.456159 0.046561 0.080699
0 0.355026 0.533015 0.039153 0.080699
0 0.394709 0.531094 0.044444 0.076856
0 0.435450 0.533015 0.044444 0.080699
0 0.478836 0.533015 0.042328 0.080699
0 0.520635 0.535577 0.044444 0.075575
0 0.562169 0.533015 0.046032 0.080699
0 0.607672 0.529172 0.048148 0.080699
0 0.355026 0.606669 0.042328 0.071733
0 0.396561 0.604107 0.043915 0.076856
0 0.436508 0.602186 0.042328 0.080699
0 0.478307 0.604747 0.044444 0.085823
0 0.520635 0.609231 0.044444 0.076856
0 0.564021 0.606028 0.046561 0.080699
0 0.606878 0.604107 0.046561 0.084542
0 0.356085 0.674559 0.044444 0.071733
0 0.396561 0.678401 0.040741 0.071733
0 0.436508 0.673918 0.042328 0.073013
0 0.478836 0.678401 0.042328 0.071733
0 0.520635 0.679042 0.048677 0.080699
0 0.563492 0.682885 0.044444 0.080699
0 0.607672 0.682885 0.048148 0.080699
0 0.355026 0.748212 0.042328 0.075575
0 0.395767 0.748212 0.042328 0.075575
0 0.436243 0.748212 0.042857 0.075575
0 0.478042 0.750774 0.043915 0.080699
0 0.520635 0.752696 0.044444 0.076856
0 0.564021 0.757179 0.042328 0.075575
0 0.609259 0.756539 0.048148 0.076856
0 0.353968 0.819305 0.044444 0.084542
0 0.394709 0.821866 0.044444 0.071733
0 0.436508 0.822507 0.042328 0.080699
0 0.477778 0.826350 0.044444 0.080699
0 0.519841 0.826350 0.046032 0.080699
0 0.564021 0.830193 0.046561 0.080699
0 0.609788 0.828912 0.048148 0.075575
0 0.653175 0.078922 0.050265 0.076856
0 0.697619 0.078282 0.042857 0.075575
0 0.739947 0.076361 0.046032 0.071733
0 0.783598 0.075720 0.047619 0.080699
0 0.829894 0.078922 0.043915 0.076856
0 0.871693 0.080844 0.046032 0.080699
0 0.915079 0.082765 0.048148 0.084542
0 0.653175 0.148734 0.050265 0.080699
0 0.697619 0.148093 0.042857 0.081980
0 0.739947 0.148093 0.046032 0.081980
0 0.783598 0.148734 0.047619 0.080699
0 0.828042 0.150014 0.047619 0.085823
0 0.871693 0.150014 0.046032 0.085823
0 0.914286 0.157700 0.046561 0.080699
0 0.652381 0.219826 0.049735 0.079418
0 0.698413 0.221747 0.046561 0.075575
0 0.741005 0.219826 0.046032 0.079418
0 0.784656 0.222387 0.047619 0.076856
0 0.828307 0.222387 0.046032 0.084542
0 0.871958 0.224309 0.044444 0.080699
0 0.915079 0.229433 0.046032 0.080699
0 0.653968 0.291558 0.046561 0.079418
0 0.697354 0.293480 0.044444 0.075575
0 0.741005 0.291558 0.046032 0.079418
0 0.784656 0.293480 0.047619 0.075575
0 0.828042 0.293480 0.046561 0.075575
0 0.874339 0.296041 0.046032 0.080699
0 0.917196 0.300525 0.046032 0.079418
0 0.655026 0.363291 0.047619 0.079418
0 0.698413 0.363291 0.046561 0.081980
0 0.741270 0.365853 0.046561 0.076856
0 0.784392 0.365853 0.048148 0.076856
0 0.830952 0.367774 0.044974 0.080699
0 0.874339 0.370336 0.046032 0.067890
0 0.917989 0.374819 0.044444 0.076856
0 0.654233 0.438226 0.046032 0.075575
0 0.698677 0.440147 0.046032 0.079418
0 0.742857 0.438226 0.046561 0.075575
0 0.787302 0.440147 0.046561 0.081980
0 0.829894 0.442068 0.046032 0.075575
0 0.873545 0.440147 0.044444 0.079418
0 0.653968 0.509958 0.046561 0.075575
0 0.699206 0.511879 0.048148 0.079418
0 0.743915 0.511879 0.047619 0.079418
0 0.786508 0.511879 0.048148 0.079418
0 0.830952 0.514441 0.048148 0.084542
2 0.877249 0.513801 0.044444 0.075575
0 0.654233 0.588095 0.046032 0.080699
0 0.698677 0.588095 0.046032 0.080699
0 0.743122 0.590657 0.046032 0.075575
0 0.787566 0.588095 0.046032 0.080699
0 0.832804 0.586174 0.044444 0.076856
0 0.875397 0.594500 0.043915 0.085823
0 0.653968 0.661109 0.046561 0.080699
0 0.698413 0.663030 0.046561 0.076856
0 0.743915 0.663030 0.044444 0.076856
0 0.788360 0.664952 0.044444 0.080699
0 0.832804 0.664952 0.044444 0.080699
0 0.877249 0.669435 0.044444 0.079418
0 0.654233 0.736684 0.046032 0.080699
0 0.698677 0.740527 0.046032 0.080699
0 0.743915 0.736684 0.048677 0.080699
0 0.789418 0.739246 0.049735 0.085823
0 0.832804 0.736684 0.047619 0.080699
0 0.655026 0.812259 0.047619 0.080699
0 0.700529 0.812259 0.046561 0.080699
0 0.743651 0.812900 0.048148 0.079418
0 0.789153 0.817383 0.046032 0.080699
0 0.834656 0.818664 0.048148 0.080699
0 0.958466 0.072518 0.042857 0.071733
0 0.989947 0.071877 0.020106 0.070452
0 0.957672 0.143610 0.044444 0.070452
0 0.989683 0.143610 0.020634 0.080699
0 0.960053 0.210859 0.046032 0.071733
0 0.989947 0.215342 0.020106 0.070452
0 0.961111 0.284513 0.043915 0.075575
0 0.990741 0.285153 0.018518 0.076856
0 0.962963 0.359448 0.044444 0.071733
0 0.991534 0.358807 0.016931 0.080699
0 0.962169 0.429899 0.050265 0.076856
0 0.962963 0.501632 0.051852 0.076856
0 0.964021 0.570803 0.049735 0.071733
2 0.042593 0.883992 0.025926 0.057642
2 0.066667 0.888475 0.025397 0.048676
2 0.092857 0.892958 0.033333 0.057642
2 0.125926 0.896801 0.029630 0.057642
2 0.158466 0.903846 0.038624 0.061485
2 0.193386 0.901925 0.038624 0.057642
2 0.233333 0.903846 0.037037 0.061485
2 0.271958 0.903846 0.037037 0.061485
2 0.308466 0.901925 0.042328 0.057642
2 0.352646 0.885913 0.040741 0.071733
2 0.394709 0.890397 0.044444 0.062766
2 0.436772 0.894880 0.038624 0.061485
2 0.476455 0.896801 0.043915 0.057642
2 0.522751 0.894880 0.044444 0.061485
2 0.563492 0.896801 0.044444 0.067890
2 0.608730 0.901285 0.043915 0.058923
2 0.655820 0.882070 0.046032 0.053799
2 0.698677 0.885913 0.042857 0.061485
2 0.742328 0.883992 0.044444 0.067890
2 0.788360 0.885913 0.047619 0.071733
2 0.833598 0.890397 0.042857 0.062766