1 0.363688 0.308987 0.033630 0.047616
1 0.396882 0.297083 0.030136 0.049600
1 0.432041 0.287163 0.031447 0.051584
1 0.364998 0.370491 0.037998 0.049600
1 0.401031 0.359083 0.029700 0.054560
1 0.434224 0.348171 0.031447 0.064480
1 0.467200 0.277243 0.032757 0.055552
1 0.469602 0.331307 0.037561 0.066464
1 0.498864 0.260875 0.034067 0.052576
1 0.498646 0.320395 0.033630 0.062496
1 0.535770 0.249963 0.037124 0.052576
1 0.540138 0.308987 0.037124 0.061504
1 0.570056 0.234587 0.042802 0.057536
1 0.572240 0.293115 0.043676 0.055552
1 0.609364 0.201851 0.044549 0.063488
1 0.612640 0.264843 0.042365 0.064480
1 0.653040 0.253435 0.044549 0.063488
1 0.651730 0.183995 0.041055 0.067456
1 0.693134 0.176555 0.043676 0.066464
1 0.693134 0.244011 0.047170 0.064480
1 0.732224 0.168123 0.044986 0.065472
1 0.735718 0.229627 0.044113 0.063488
1 0.773716 0.147787 0.045860 0.064480
1 0.817610 0.133403 0.048043 0.061504
1 0.861504 0.122491 0.049354 0.065472
1 0.905180 0.090251 0.049354 0.070432
1 0.945798 0.080826 0.041492 0.061504
1 0.978643 0.077850 0.033630 0.053568
1 0.775550 0.212763 0.044113 0.063488
1 0.817697 0.191931 0.045423 0.063488
1 0.860063 0.182011 0.045423 0.079360
1 0.907888 0.151755 0.043239 0.064480
1 0.950035 0.144315 0.049790 0.067456
1 0.983010 0.137371 0.030136 0.069440
0 0.367180 0.418944 0.035377 0.059912
0 0.399299 0.407314 0.033826 0.056388
0 0.431883 0.396036 0.035688 0.050749
0 0.465088 0.382644 0.035688 0.050749
0 0.500993 0.369252 0.037239 0.053568
0 0.537767 0.359737 0.040032 0.054273
0 0.576030 0.345288 0.042205 0.069075
0 0.615752 0.322028 0.044687 0.073304
0 0.655940 0.308283 0.044377 0.065550
0 0.697679 0.296301 0.047170 0.066960
0 0.368421 0.469693 0.032895 0.052863
0 0.403023 0.457710 0.034446 0.057092
0 0.435142 0.448547 0.035377 0.059912
0 0.371214 0.520441 0.032895 0.057092
0 0.405350 0.515508 0.033515 0.058502
0 0.438245 0.505287 0.037239 0.060617
1 0.467819 0.438327 0.036308 0.062026
1 0.503972 0.426345 0.037860 0.063436
1 0.542515 0.415772 0.039722 0.064846
1 0.581771 0.404847 0.040032 0.062731
1 0.619631 0.381235 0.043136 0.060617
1 0.660905 0.367490 0.044998 0.068370
1 0.701527 0.358327 0.044067 0.066960
1 0.741683 0.284530 0.045308 0.064846
1 0.785750 0.272195 0.049032 0.066960
1 0.827085 0.257746 0.047170 0.074713
1 0.871773 0.244706 0.050273 0.071189
1 0.918942 0.211720 0.052135 0.078238
1 0.959595 0.207138 0.044687 0.071894
1 0.987308 0.204671 0.019551 0.068370
1 0.745035 0.347191 0.045308 0.064141
1 0.788170 0.332389 0.048411 0.069780
1 0.832237 0.323931 0.045308 0.071189
1 0.875279 0.311949 0.048721 0.069780
1 0.921642 0.284107 0.051204 0.077533
1 0.963102 0.268248 0.041274 0.071189
0 0.471171 0.498239 0.035067 0.054978
0 0.506548 0.491190 0.037550 0.057797
0 0.543787 0.479208 0.038791 0.056388
0 0.583044 0.468283 0.037860 0.059912
0 0.623014 0.442556 0.042205 0.059207
0 0.664629 0.433393 0.041274 0.060617
0 0.704506 0.419649 0.043446 0.065550
0 0.747207 0.408019 0.045929 0.071894
0 0.790653 0.398503 0.046549 0.072599
0 0.834161 0.388636 0.050273 0.074009
0 0.880741 0.378415 0.048721 0.074713
0 0.927880 0.348107 0.047790 0.067665
0 0.967291 0.336054 0.047170 0.069780
0 0.370811 0.575913 0.035688 0.056388
0 0.371897 0.631595 0.037239 0.057797
0 0.404636 0.566397 0.035067 0.051454
0 0.405257 0.621375 0.033826 0.057092
0 0.437997 0.559701 0.037239 0.052158
0 0.439548 0.616441 0.039101 0.064141
0 0.473839 0.552653 0.039412 0.057797
0 0.508596 0.543137 0.041894 0.055683
0 0.474305 0.607278 0.038481 0.058502
0 0.511699 0.599173 0.038170 0.060617
0 0.546270 0.533622 0.044998 0.062026
0 0.584440 0.526221 0.039412 0.066960
0 0.548287 0.591772 0.041584 0.065550
0 0.587078 0.585780 0.040963 0.066255
0 0.624503 0.500565 0.044067 0.066960
0 0.665622 0.489287 0.043136 0.068370
0 0.707640 0.480477 0.044377 0.069075
0 0.749845 0.469552 0.048721 0.068370
0 0.795649 0.460741 0.046239 0.069075
0 0.834068 0.455807 0.041894 0.066255
0 0.626831 0.562944 0.047480 0.067665
0 0.668415 0.552371 0.044377 0.063436
0 0.709688 0.547085 0.045618 0.059912
0 0.753755 0.535102 0.048101 0.062731
0 0.797977 0.525587 0.047170 0.073304
0 0.881486 0.444600 0.051204 0.058502
0 0.930362 0.412882 0.050273 0.064141
0 0.972257 0.404072 0.042205 0.066255
1 0.374788 0.686756 0.037796 0.052881
1 0.409107 0.679545 0.036284 0.052195
1 0.443880 0.676455 0.036284 0.051508
1 0.478653 0.669930 0.037494 0.049448
1 0.515330 0.661002 0.038401 0.050821
1 0.552824 0.656538 0.040215 0.054255
1 0.591225 0.647954 0.040215 0.054942
1 0.631380 0.626320 0.043844 0.054255
1 0.672956 0.616362 0.044751 0.063183
1 0.715197 0.611555 0.044448 0.061809
1 0.756864 0.601253 0.048077 0.065930
1 0.802522 0.590265 0.047472 0.060436
1 0.845156 0.515750 0.051101 0.062496
1 0.848633 0.584084 0.050798 0.064556
1 0.890519 0.511767 0.040094 0.057854
1 0.892170 0.574977 0.041509 0.057854
1 0.934623 0.478019 0.048113 0.061068
1 0.975189 0.472662 0.040566 0.054640
1 0.937453 0.549264 0.045283 0.064282
1 0.975189 0.541229 0.037736 0.061068
1 0.675142 0.676542 0.043868 0.057854
1 0.717830 0.671185 0.042453 0.062139
1 0.760000 0.663686 0.047170 0.062139
1 0.806226 0.655115 0.046226 0.062139
1 0.852925 0.650294 0.049057 0.061068
1 0.898774 0.639045 0.046226 0.068567
1 0.940519 0.611189 0.049528 0.059996
1 0.979906 0.604761 0.032075 0.057854
0 0.634764 0.680292 0.041981 0.067496
1 0.638774 0.749395 0.044340 0.066425
1 0.679575 0.742431 0.041981 0.061068
1 0.720613 0.733325 0.045755 0.064282
1 0.763538 0.727968 0.049528 0.059996
1 0.810236 0.719397 0.047642 0.064282
1 0.641179 0.813141 0.043868 0.061068
1 0.683160 0.806713 0.042925 0.063210
1 0.724198 0.798142 0.045755 0.063210
1 0.769717 0.795999 0.047170 0.069639
1 0.815708 0.790107 0.045755 0.064282
1 0.643538 0.874209 0.042925 0.058925
1 0.686462 0.865102 0.044811 0.057854
1 0.730330 0.865638 0.044811 0.061068
1 0.774434 0.862424 0.043396 0.063210
1 0.819245 0.855996 0.049057 0.061068
0 0.377493 0.741290 0.035040 0.048977
0 0.412197 0.738229 0.033693 0.052038
0 0.445721 0.732872 0.034704 0.053568
0 0.481267 0.726367 0.035714 0.052803
0 0.518127 0.719863 0.037736 0.058160
0 0.555020 0.713358 0.041442 0.054333
0 0.593363 0.707848 0.040768 0.058925
0 0.380323 0.795088 0.035714 0.055864
0 0.413342 0.792792 0.034367 0.055864
0 0.446867 0.787435 0.035377 0.052803
0 0.480896 0.783991 0.037399 0.053568
0 0.518801 0.778635 0.038410 0.052038
0 0.558558 0.775114 0.041105 0.062139
0 0.596496 0.769298 0.038410 0.059690
0 0.381267 0.854242 0.035040 0.055099
0 0.416375 0.853477 0.033019 0.053568
0 0.449730 0.849651 0.034367 0.056629
0 0.484838 0.844676 0.035714 0.055864
0 0.522069 0.840085 0.038747 0.060455
0 0.561792 0.839320 0.036388 0.055864
0 0.599528 0.833963 0.039084 0.058925
1 0.382547 0.912019 0.035040 0.054333
1 0.417082 0.910871 0.033356 0.055099
1 0.452291 0.911637 0.037062 0.056629
1 0.489016 0.909723 0.035040 0.058925
1 0.525573 0.905897 0.035377 0.060455
1 0.564319 0.902071 0.039420 0.058925
1 0.603740 0.900158 0.038747 0.061221
1 0.182610 0.930099 0.025319 0.047266
1 0.208796 0.928524 0.026360 0.044115
1 0.234809 0.930887 0.024972 0.050417
1 0.262035 0.929311 0.027400 0.047266
1 0.290823 0.927736 0.028787 0.047266
1 0.320130 0.925373 0.029134 0.047266
1 0.349958 0.924979 0.028441 0.046478
1 0.232207 0.773727 0.024625 0.052780
1 0.259607 0.769395 0.027400 0.048842
1 0.287181 0.765850 0.026360 0.049629
1 0.315101 0.764668 0.027400 0.048842
1 0.345276 0.760729 0.030175 0.051993
0 0.181976 0.882731 0.026688 0.050044
0 0.207113 0.880264 0.024826 0.052158
0 0.233335 0.878855 0.026999 0.054978
0 0.261265 0.878502 0.026378 0.055683
0 0.289256 0.876035 0.026999 0.057797
0 0.317651 0.873921 0.027929 0.059207
0 0.348343 0.871806 0.030102 0.059207
0 0.346636 0.815419 0.031033 0.050749
0 0.316224 0.817181 0.030412 0.048634
0 0.286588 0.820353 0.028240 0.047929
0 0.259713 0.823877 0.026378 0.049339
0 0.232094 0.825991 0.026999 0.046520
0 0.205561 0.828811 0.025447 0.046520
0 0.180425 0.832687 0.025447 0.045815
0 0.205939 0.775616 0.026801 0.048698
0 0.179674 0.781703 0.025729 0.051133
0 0.341981 0.708188 0.030904 0.047103
0 0.311890 0.712344 0.029278 0.051721
0 0.283019 0.715115 0.028465 0.042485
0 0.255368 0.719733 0.026838 0.049874
0 0.228936 0.724350 0.025211 0.044332
0 0.204131 0.724812 0.026025 0.048950
0 0.178717 0.728507 0.023992 0.041561
0 0.339948 0.654804 0.029278 0.054492
0 0.310264 0.658960 0.027651 0.048027
0 0.282409 0.666811 0.028058 0.050797
0 0.255368 0.669582 0.026025 0.048950
0 0.229140 0.674200 0.026431 0.048950
0 0.203318 0.678356 0.025211 0.044332
0 0.178513 0.685744 0.022772 0.042485
0 0.337915 0.599851 0.030904 0.051721
0 0.308027 0.608625 0.028871 0.050797
0 0.279969 0.614166 0.026431 0.048950
0 0.253944 0.618784 0.025618 0.047103
0 0.228936 0.624788 0.025211 0.042485
0 0.202912 0.630329 0.024398 0.044332
0 0.178107 0.637718 0.024398 0.046179
0 0.335894 0.549275 0.032828 0.048501
0 0.306891 0.557238 0.029640 0.049949
0 0.279162 0.563391 0.028366 0.046329
0 0.253187 0.570268 0.026135 0.045605
0 0.227977 0.579678 0.029003 0.047053
0 0.201842 0.584022 0.025178 0.044158
0 0.176504 0.590899 0.028047 0.043434
0 0.333950 0.498240 0.029322 0.046329
0 0.305265 0.506203 0.030597 0.049225
0 0.278334 0.512356 0.029640 0.048501
0 0.251402 0.522491 0.027409 0.049949
0 0.225268 0.529006 0.027409 0.045605
0 0.199930 0.536969 0.025816 0.045605
0 0.176982 0.543846 0.027091 0.044881
0 0.332993 0.444889 0.031871 0.049949
0 0.303672 0.452490 0.029322 0.046329
0 0.276421 0.461177 0.028366 0.046329
0 0.250924 0.471673 0.029640 0.044158
0 0.224949 0.480722 0.028684 0.044881
0 0.198496 0.489409 0.026135 0.047777
0 0.175867 0.497372 0.026135 0.043434
0 0.332515 0.394217 0.030915 0.052844
0 0.302237 0.403627 0.029003 0.045605
0 0.274509 0.410866 0.028366 0.044158
0 0.248375 0.423173 0.026453 0.045605
0 0.222399 0.432945 0.028047 0.047777
0 0.198336 0.441632 0.026453 0.044881
0 0.175229 0.452852 0.028047 0.045605
0 0.330922 0.340649 0.031553 0.061531
0 0.306221 0.354765 0.027409 0.057912
0 0.283114 0.360556 0.029640 0.059359
0 0.255386 0.371414 0.025178 0.056464
0 0.228933 0.382634 0.025178 0.055740
0 0.205507 0.394579 0.026135 0.057912
0 0.180648 0.404713 0.026135 0.060807