2 0.359615 0.772139 0.131539 0.019133
2 0.460037 0.772139 0.089107 0.020044
2 0.550559 0.773506 0.142855 0.027332
2 0.670783 0.773961 0.159827 0.026421
2 0.080270 0.788766 0.130125 0.018677
2 0.227368 0.789905 0.149927 0.023688
2 0.343349 0.791727 0.149927 0.023688
2 0.428921 0.790133 0.114567 0.020499
2 0.543487 0.794688 0.156999 0.018677
2 0.685635 0.797422 0.144269 0.020499
2 0.085221 0.806760 0.156999 0.023688
2 0.231612 0.811088 0.164071 0.016855
2 0.358908 0.811088 0.130125 0.018677
2 0.451551 0.810177 0.108909 0.021410
2 0.561874 0.814049 0.140026 0.019133
2 0.687049 0.816554 0.135783 0.016855
2 0.085221 0.827943 0.148512 0.018677
2 0.237976 0.830676 0.142855 0.021410
2 0.365272 0.831587 0.128711 0.018677
2 0.443772 0.830220 0.099008 0.020499
2 0.539244 0.832498 0.154170 0.017766
2 0.683513 0.833409 0.125882 0.017766
2 0.085928 0.844570 0.164071 0.023688
2 0.230197 0.849125 0.149927 0.019133
2 0.353250 0.848670 0.135783 0.017310
2 0.444479 0.850492 0.086279 0.020955
2 0.543487 0.850036 0.145683 0.021866
2 0.672198 0.852086 0.154170 0.019588
2 0.097951 0.862564 0.145683 0.020499
2 0.225954 0.865753 0.175386 0.020499
2 0.346178 0.865525 0.127296 0.020955
2 0.438114 0.864158 0.101837 0.021866
2 0.547730 0.868258 0.148512 0.020955
2 0.660882 0.869852 0.171143 0.020499
2 0.082001 0.879939 0.146227 0.020604
2 0.226198 0.881410 0.162475 0.019623
2 0.350085 0.881083 0.119825 0.017661
2 0.442492 0.883046 0.089361 0.018315
2 0.547593 0.884354 0.130995 0.018969
2 0.676558 0.886643 0.139119 0.016353
2 0.085555 0.900379 0.106624 0.019623
1 0.190656 0.900870 0.132011 0.023875
1 0.291695 0.901851 0.130995 0.020604
1 0.568918 0.903323 0.106624 0.025510
1 0.063215 0.921311 0.090377 0.020931
1 0.187610 0.919839 0.138104 0.021913
1 0.328760 0.920330 0.117794 0.022240
1 0.440462 0.922783 0.103578 0.017988
1 0.563333 0.925235 0.115763 0.018969
1 0.060169 0.956469 0.080222 0.022567
1 0.114496 0.956306 0.069052 0.019623
1 0.201827 0.956633 0.091392 0.020931
1 0.372933 0.957123 0.088346 0.022567
1 0.453155 0.956633 0.094439 0.018969
1 0.516622 0.957614 0.069052 0.022240
1 0.569426 0.958104 0.081237 0.022567
1 0.641016 0.958759 0.088346 0.024529
