2 0.084452 0.080003 0.023585 0.069911
2 0.076742 0.156608 0.026306 0.071399
2 0.071526 0.232470 0.026760 0.074374
2 0.063135 0.304612 0.028120 0.066937
2 0.107583 0.080003 0.023585 0.072886
2 0.100780 0.151402 0.024492 0.072886
2 0.095111 0.230238 0.024038 0.078836
2 0.088081 0.304612 0.022678 0.069911
2 0.126633 0.314281 0.048077 0.089249
2 0.131849 0.220570 0.051252 0.077349
2 0.138652 0.150658 0.055787 0.071399
2 0.144095 0.074797 0.051252 0.080324
2 0.184915 0.085209 0.031295 0.071399
2 0.177885 0.154377 0.029935 0.075861
2 0.171762 0.225776 0.034924 0.081811
2 0.167680 0.297919 0.033110 0.086274
2 0.211448 0.073309 0.023585 0.059499
2 0.206232 0.144708 0.022224 0.086274
2 0.200789 0.219082 0.023131 0.074374
2 0.197161 0.302381 0.024946 0.089249
2 0.247188 0.071822 0.052612 0.074374
2 0.241745 0.141733 0.054427 0.089249
2 0.237437 0.222801 0.052159 0.081811
2 0.232674 0.298662 0.050798 0.081811
2 0.293224 0.073309 0.045809 0.071399
2 0.290276 0.145452 0.046263 0.072886
2 0.284380 0.219082 0.049891 0.080324
2 0.282792 0.297919 0.052159 0.086274
2 0.327467 0.073309 0.025399 0.074374
2 0.326333 0.143221 0.026760 0.080324
2 0.324292 0.219826 0.023585 0.084786
2 0.322478 0.298662 0.023585 0.084786
2 0.351551 0.079259 0.024946 0.071399
2 0.350417 0.146196 0.023585 0.074374
2 0.349510 0.219826 0.023585 0.081811
2 0.346562 0.299406 0.022224 0.074374
2 0.377857 0.074053 0.025853 0.072886
2 0.376950 0.146196 0.025853 0.074374
2 0.374683 0.219826 0.025853 0.075861
2 0.374456 0.298662 0.027213 0.072886
2 0.404390 0.079259 0.024492 0.071399
2 0.402123 0.147683 0.024492 0.071399
2 0.401216 0.220570 0.026306 0.077349
2 0.402123 0.298662 0.025399 0.075861
2 0.440176 0.077028 0.046716 0.075861
2 0.439722 0.150658 0.048530 0.068424
2 0.439496 0.218339 0.047170 0.075861
2 0.439722 0.295687 0.050345 0.075861
2 0.478955 0.080003 0.029935 0.069911
2 0.477594 0.147683 0.029028 0.077349
2 0.479409 0.219082 0.029028 0.068424
2 0.479409 0.293456 0.029028 0.077349
2 0.507756 0.082234 0.027667 0.074374
2 0.507983 0.152146 0.029028 0.068424
2 0.508209 0.219826 0.029481 0.069911
2 0.510250 0.295687 0.030842 0.075861
2 0.546081 0.084466 0.048984 0.069911
2 0.546988 0.153633 0.048984 0.065449
2 0.547669 0.220570 0.048530 0.065449
2 0.549710 0.295687 0.047170 0.069911
2 0.593750 0.082978 0.044902 0.069911
2 0.593750 0.150658 0.045809 0.065449
2 0.596698 0.222057 0.048077 0.071399
2 0.598739 0.294200 0.049438 0.072886
2 0.625272 0.085953 0.022678 0.066937
2 0.626406 0.150658 0.024038 0.059499
2 0.628220 0.220570 0.024038 0.065449
2 0.630942 0.293456 0.028574 0.071399
2 0.646816 0.082234 0.027667 0.065449
2 0.649764 0.148427 0.026306 0.063962
2 0.651352 0.217595 0.029481 0.071399
2 0.656794 0.290481 0.029481 0.071399
2 0.479881 0.373131 0.029660 0.073833
2 0.480417 0.454582 0.030732 0.079693
2 0.479881 0.536619 0.030374 0.082037
2 0.481668 0.623929 0.032519 0.085553
2 0.481847 0.715927 0.033591 0.086724
2 0.686860 0.364738 0.028302 0.068509
2 0.709771 0.361423 0.024259 0.066299
2 0.742453 0.361975 0.045822 0.069614
2 0.786927 0.360870 0.043801 0.069614
2 0.690229 0.439324 0.030323 0.071824
2 0.714488 0.435457 0.025606 0.070719
2 0.747170 0.434904 0.046496 0.069614
2 0.791307 0.432142 0.045822 0.077349
2 0.693767 0.516673 0.029987 0.074034
2 0.718531 0.515016 0.024259 0.075139
2 0.751718 0.510596 0.047507 0.070719
2 0.796698 0.507281 0.047170 0.070719
2 0.819946 0.354241 0.027628 0.067404
2 0.826853 0.423855 0.026617 0.074034
2 0.832244 0.502861 0.027965 0.066299
2 0.845553 0.350926 0.024933 0.067404
2 0.847911 0.423302 0.033693 0.068509
2 0.854650 0.498441 0.031671 0.064089
2 0.873181 0.352583 0.043801 0.068509
2 0.880930 0.421645 0.045822 0.062984
2 0.886995 0.492916 0.047170 0.064089
2 0.902999 0.349268 0.025943 0.061879
2 0.923214 0.347058 0.027965 0.061879
2 0.910074 0.420540 0.025943 0.060774
2 0.931806 0.418330 0.026280 0.060774
2 0.918497 0.489049 0.025943 0.069614
2 0.938376 0.487391 0.025943 0.068509
1 0.054717 0.384017 0.032233 0.072192
1 0.082233 0.393041 0.030660 0.072192
1 0.107193 0.389818 0.038915 0.070903
1 0.437657 0.375638 0.053459 0.076060
1 0.398153 0.378860 0.026336 0.074771
1 0.437657 0.456854 0.051887 0.081216
1 0.438247 0.540004 0.053066 0.077349
1 0.437068 0.627666 0.055425 0.092819
1 0.437854 0.721774 0.054638 0.087662
1 0.397563 0.457498 0.027516 0.082505
1 0.396777 0.543871 0.027516 0.085084
1 0.395794 0.632178 0.027909 0.088951
1 0.395008 0.723707 0.029481 0.088951
1 0.369851 0.381439 0.029481 0.074771
1 0.368475 0.460721 0.029088 0.086373
1 0.367099 0.549028 0.030267 0.085084
1 0.365920 0.634112 0.031053 0.085084
1 0.363758 0.728219 0.033019 0.092819
1 0.343986 0.377571 0.023978 0.069614
1 0.342414 0.462010 0.024764 0.083795
1 0.339662 0.545805 0.027123 0.081216
1 0.337500 0.637335 0.027516 0.083795
1 0.335731 0.726930 0.028695 0.092819
1 0.308215 0.729509 0.032626 0.090240
1 0.310574 0.635401 0.027909 0.087662
1 0.312736 0.544516 0.030660 0.083795
1 0.315291 0.460721 0.029481 0.086373
1 0.319222 0.370481 0.028695 0.070903
1 0.280150 0.378889 0.052269 0.075258
1 0.276166 0.459896 0.051313 0.082575
1 0.272820 0.545607 0.054819 0.095118
1 0.270557 0.640516 0.057687 0.082575
1 0.266733 0.729363 0.057050 0.095118
1 0.228742 0.379202 0.052588 0.078394
1 0.224280 0.463868 0.056413 0.086756
1 0.220614 0.548011 0.058644 0.094073
1 0.216471 0.641561 0.061193 0.093028
1 0.210575 0.735111 0.061512 0.104525
1 0.192026 0.379202 0.029003 0.074213
1 0.186926 0.460732 0.031553 0.082575
1 0.180393 0.544352 0.029959 0.082575
1 0.174975 0.636857 0.032509 0.089892
1 0.167803 0.735111 0.032828 0.096163
1 0.160218 0.383070 0.037290 0.073168
1 0.155915 0.465122 0.040158 0.090937
1 0.150178 0.549265 0.040158 0.087801
1 0.146035 0.641770 0.047807 0.097209
1 0.137749 0.739188 0.046532 0.095118
1 0.091694 0.741069 0.064062 0.097209
1 0.113048 0.468258 0.061512 0.084666
1 0.105399 0.553969 0.062149 0.088847
1 0.100300 0.641770 0.062787 0.095118
1 0.072253 0.470871 0.034102 0.079439
1 0.065878 0.556059 0.034102 0.084666
1 0.058867 0.649087 0.033465 0.093028
1 0.051217 0.738456 0.032828 0.085711
1 0.046596 0.468781 0.036971 0.075258
1 0.039584 0.555014 0.035696 0.078394
1 0.032573 0.642815 0.033146 0.084666
1 0.023330 0.735321 0.033146 0.087801
1 0.436576 0.814760 0.058644 0.096163
1 0.392752 0.815805 0.029003 0.091982
1 0.361455 0.819464 0.030915 0.090937
1 0.332292 0.818941 0.028047 0.091982
1 0.303544 0.822077 0.029322 0.091982
1 0.260996 0.826258 0.055775 0.098254
1 0.207324 0.832529 0.064699 0.091982
1 0.164170 0.832529 0.035377 0.091982
1 0.130864 0.836710 0.045895 0.091982
1 0.083376 0.838801 0.062468 0.079439
1 0.045321 0.832007 0.031871 0.084666
1 0.018230 0.827826 0.031234 0.080485
1 0.510117 0.374312 0.031033 0.076331
1 0.552011 0.373294 0.052756 0.072260
1 0.601632 0.370241 0.048721 0.068189
1 0.634682 0.368205 0.025447 0.066154
1 0.660439 0.366679 0.025447 0.069207
1 0.511482 0.451152 0.032274 0.077349
1 0.553066 0.450134 0.053376 0.077349
1 0.603184 0.447081 0.050583 0.077349
1 0.638406 0.445554 0.026688 0.076331
1 0.662301 0.443010 0.027309 0.077349
1 0.512103 0.536643 0.034136 0.081420
1 0.555549 0.533589 0.053376 0.081420
1 0.606287 0.527992 0.048721 0.078367
1 0.640113 0.523921 0.026999 0.078367
1 0.665094 0.523412 0.027929 0.079384
1 0.513158 0.620403 0.032274 0.080402
1 0.557380 0.620403 0.054928 0.080402
1 0.608739 0.614806 0.050273 0.085491
1 0.643402 0.608699 0.028860 0.079384
1 0.670246 0.606155 0.033515 0.074296
1 0.698486 0.603102 0.032895 0.076331
1 0.722846 0.598522 0.027619 0.075313
1 0.756144 0.589871 0.052135 0.078367
1 0.800708 0.588853 0.052135 0.074296
1 0.837357 0.580202 0.032584 0.073278
1 0.862804 0.576131 0.033205 0.073278
1 0.896071 0.572060 0.048101 0.071242
1 0.924777 0.565954 0.026688 0.067171
1 0.945879 0.563410 0.029171 0.066154
1 0.482190 0.806793 0.032958 0.092224
1 0.514121 0.711396 0.034773 0.088257
1 0.558872 0.702967 0.056543 0.083299
1 0.611635 0.699992 0.052008 0.081315
1 0.662766 0.691563 0.057753 0.086274
1 0.701772 0.689579 0.032958 0.078341
1 0.725508 0.682638 0.029028 0.078341
1 0.761339 0.676688 0.052310 0.086274
1 0.808720 0.673415 0.056846 0.089249
1 0.870434 0.657549 0.034773 0.075366
1 0.903997 0.653582 0.048682 0.081315
1 0.933327 0.648624 0.026306 0.079332
1 0.954644 0.643666 0.028423 0.071399
1 0.515485 0.803700 0.033826 0.093633
1 0.560638 0.796067 0.056480 0.094651
1 0.613859 0.788943 0.053687 0.086509
1 0.668011 0.780801 0.055859 0.088544
1 0.707423 0.771132 0.035377 0.085491
1 0.733553 0.767061 0.028550 0.081420
1 0.768620 0.765534 0.049652 0.074296
1 0.815014 0.754339 0.052445 0.066154
1 0.877017 0.738360 0.033205 0.081420
1 0.911308 0.731236 0.045929 0.069207
1 0.942341 0.724621 0.028550 0.070225
1 0.962202 0.711390 0.028550 0.072260
2 0.852036 0.743449 0.032895 0.087526
2 0.842571 0.661012 0.036929 0.085491