1 0.098337 0.938886 0.158237 0.037711
1 0.202321 0.939164 0.116040 0.039374
1 0.295003 0.938886 0.120561 0.033274
1 0.435155 0.938332 0.238109 0.028838
1 0.632574 0.935836 0.198926 0.036047
1 0.788550 0.937223 0.137138 0.027728
1 0.902330 0.939996 0.129603 0.035492
1 0.099844 0.901453 0.152209 0.032720
1 0.221912 0.906167 0.140153 0.037711
1 0.297263 0.905058 0.100970 0.031056
1 0.414057 0.907276 0.153716 0.038820
1 0.637849 0.906444 0.167279 0.036047
1 0.802867 0.897294 0.147688 0.029947
1 0.928703 0.905890 0.110012 0.027174
1 0.117175 0.872893 0.093435 0.028838
1 0.207596 0.872338 0.102477 0.026619
1 0.284454 0.874834 0.093435 0.032720
1 0.373367 0.874002 0.093435 0.028838
1 0.472077 0.872893 0.137138 0.031056
1 0.625039 0.870120 0.168786 0.037711
1 0.805128 0.873447 0.149195 0.028838
1 0.924182 0.872615 0.091928 0.022737
1 0.112654 0.842946 0.111519 0.033274
1 0.204582 0.844055 0.102477 0.034383
1 0.276918 0.846273 0.108505 0.038820
1 0.370353 0.847382 0.105491 0.036602
1 0.484133 0.844332 0.122068 0.042702
1 0.624286 0.841559 0.206461 0.034938
1 0.795332 0.844055 0.156730 0.037711
1 0.930963 0.847382 0.102477 0.033274
1 0.109640 0.802462 0.081379 0.045475
1 0.191019 0.802740 0.093435 0.046029
1 0.287468 0.803571 0.078365 0.046584
1 0.376382 0.809394 0.102477 0.049357
1 0.477352 0.808563 0.144674 0.034383
1 0.637095 0.811058 0.201940 0.036047
1 0.794578 0.809949 0.122068 0.033829
1 0.904591 0.811890 0.103984 0.035492
1 0.912879 0.782220 0.102477 0.038265
1 0.790811 0.779170 0.147688 0.033274
1 0.644630 0.780834 0.180842 0.028838
1 0.490161 0.780557 0.131110 0.027174
2 0.924182 0.748669 0.119054 0.038820
2 0.796839 0.749224 0.159744 0.037711
2 0.630314 0.748946 0.194405 0.042702
2 0.487147 0.748392 0.119054 0.039374
2 0.340213 0.748114 0.192898 0.036602
2 0.202321 0.746173 0.113026 0.033829
2 0.097584 0.747283 0.120561 0.034938
2 0.927806 0.718168 0.144387 0.031056
2 0.799853 0.715949 0.168786 0.034383
2 0.640109 0.713731 0.213996 0.033274
2 0.492422 0.714286 0.123575 0.029947
2 0.343227 0.715395 0.183856 0.037711
2 0.216638 0.715395 0.129603 0.033274
2 0.103612 0.714008 0.147688 0.036047
2 0.930820 0.686280 0.138359 0.034938
2 0.794578 0.684339 0.164265 0.034383
2 0.630314 0.682953 0.179335 0.029392
2 0.488654 0.681843 0.143167 0.032720
2 0.347748 0.685171 0.174814 0.032720
2 0.223419 0.682953 0.140153 0.032720
2 0.096077 0.682121 0.138645 0.032165
2 0.926442 0.654669 0.141660 0.030501
2 0.783276 0.657720 0.201940 0.033274
2 0.616751 0.653560 0.170293 0.033829
2 0.496189 0.650233 0.125082 0.028283
2 0.353023 0.654392 0.203447 0.036602
2 0.204582 0.650787 0.117547 0.027174
2 0.099844 0.651065 0.140153 0.033274
2 0.618258 0.624723 0.173307 0.036047
2 0.474338 0.618068 0.141660 0.029392
2 0.337953 0.620563 0.194405 0.034383
2 0.134505 0.622227 0.224545 0.034383
2 0.108133 0.590894 0.198926 0.037156
2 0.322129 0.591726 0.232080 0.036602
2 0.488654 0.591449 0.131110 0.042702
2 0.625039 0.560115 0.135631 0.034383
2 0.484887 0.556233 0.156730 0.041038
2 0.343981 0.558729 0.161251 0.041593
2 0.159371 0.556511 0.229066 0.042702
