2 0.297111 0.067450 0.187971 0.073020
2 0.497016 0.062500 0.167085 0.073020
2 0.691700 0.058787 0.174544 0.073020
2 0.292636 0.142327 0.182003 0.084158
2 0.497016 0.137376 0.182003 0.079208
2 0.707364 0.133663 0.193938 0.084158
2 0.271750 0.233292 0.184987 0.097772
2 0.498508 0.231436 0.205872 0.106436
2 0.720045 0.225248 0.222283 0.096535
2 0.259070 0.341584 0.201397 0.118812
2 0.500746 0.337871 0.213332 0.108911
2 0.742422 0.332921 0.225266 0.108911
1 0.230725 0.467203 0.219299 0.129950
1 0.213569 0.614480 0.223774 0.162129
1 0.791653 0.616337 0.290907 0.150990
1 0.759578 0.461634 0.241676 0.143564
2 0.501492 0.613861 0.262562 0.165842
2 0.496270 0.460396 0.228250 0.148515
2 0.171797 0.844678 0.307317 0.290842
2 0.485828 0.840965 0.270021 0.288366
2 0.828203 0.854579 0.316268 0.290842