2 0.029912 0.510204 0.050591 0.042517
2 0.086494 0.509673 0.051922 0.054209
2 0.029247 0.553784 0.057248 0.036139
2 0.071849 0.552190 0.057248 0.043580
2 0.145739 0.508078 0.095857 0.061650
2 0.137751 0.548469 0.109170 0.042517
2 0.238933 0.506484 0.119821 0.041454
2 0.226285 0.545812 0.134465 0.041454
2 0.454610 0.496918 0.066567 0.049957
2 0.454610 0.543686 0.071892 0.041454
2 0.535822 0.494260 0.077218 0.042517
2 0.537153 0.536246 0.090531 0.041454
2 0.600392 0.494260 0.051922 0.048895
2 0.652314 0.495855 0.038609 0.045706
2 0.601057 0.531994 0.071892 0.045706
2 0.652980 0.538372 0.055916 0.035077
2 0.710227 0.494792 0.106507 0.041454
2 0.721544 0.541029 0.113164 0.051020
2 0.911925 0.500106 0.054585 0.054209
2 0.971836 0.490540 0.046597 0.058461
2 0.911925 0.538372 0.065236 0.052083
2 0.966946 0.540497 0.066108 0.060587
2 0.590407 0.661139 0.061242 0.048895
2 0.654977 0.654230 0.059910 0.041454
2 0.705568 0.649447 0.038609 0.036139
2 0.750167 0.652636 0.058579 0.048895
2 0.698245 0.695685 0.055916 0.039328
2 0.694917 0.732887 0.065236 0.043580
2 0.694251 0.765838 0.069230 0.041454
2 0.697580 0.801977 0.054585 0.035077
2 0.700242 0.856186 0.057248 0.045706
2 0.694917 0.890731 0.059910 0.053146
2 0.698911 0.924213 0.062573 0.043580
1 0.319479 0.504889 0.051922 0.053146
1 0.384049 0.502232 0.074555 0.049957
1 0.316816 0.545812 0.054585 0.041454
1 0.391371 0.539966 0.089200 0.051020
1 0.026273 0.594707 0.052545 0.047832
1 0.074512 0.587798 0.062573 0.038265
1 0.147736 0.588861 0.102513 0.038265
1 0.248918 0.585140 0.102513 0.028699
1 0.320144 0.585140 0.071892 0.032951
1 0.374729 0.580357 0.082543 0.036139
1 0.458604 0.580357 0.085206 0.034014
1 0.522508 0.576105 0.090531 0.034014
1 0.590407 0.577168 0.074555 0.036139
1 0.650983 0.578763 0.062573 0.043580
1 0.696248 0.573448 0.059910 0.039328
1 0.739517 0.572917 0.061242 0.031888
1 0.804752 0.491071 0.045266 0.046769
1 0.866660 0.496918 0.067898 0.041454
1 0.802755 0.533057 0.075886 0.047832
1 0.853346 0.530931 0.075886 0.043580
1 0.799427 0.573980 0.074555 0.053146
1 0.860669 0.574511 0.063904 0.045706
1 0.918582 0.572385 0.051922 0.045706
1 0.972272 0.575043 0.055456 0.048895
1 0.976266 0.610651 0.047468 0.043580
1 0.929898 0.605867 0.061242 0.036139
1 0.858006 0.613308 0.079880 0.034014
1 0.811409 0.607993 0.053254 0.023384
1 0.746173 0.615965 0.047928 0.035077
1 0.695583 0.617028 0.045266 0.043580
1 0.646323 0.617560 0.061242 0.038265
1 0.595066 0.616497 0.070561 0.046769
1 0.522508 0.618091 0.082543 0.045706
1 0.439965 0.622343 0.074555 0.041454
1 0.323473 0.621811 0.046597 0.034014
1 0.382717 0.624469 0.093194 0.047832
1 0.246255 0.625000 0.094525 0.038265
1 0.145073 0.625000 0.105176 0.036139
1 0.075843 0.635629 0.057248 0.034014
1 0.025918 0.620748 0.050591 0.034014
1 0.029912 0.665923 0.050591 0.041454
1 0.077175 0.668048 0.054585 0.032951
1 0.154393 0.669643 0.086537 0.036139
1 0.246255 0.663797 0.107839 0.032951
1 0.319479 0.660077 0.043934 0.034014
1 0.378723 0.665923 0.077218 0.028699
1 0.447953 0.660077 0.074555 0.038265
1 0.525837 0.659545 0.097188 0.041454
1 0.023921 0.705782 0.041272 0.038265
1 0.077175 0.702062 0.059910 0.041454
1 0.153061 0.704719 0.086537 0.034014
1 0.245589 0.700999 0.077218 0.030825
1 0.318813 0.702062 0.061242 0.039328
1 0.393368 0.698873 0.071892 0.028699
1 0.455276 0.699936 0.065236 0.030825
1 0.519846 0.697810 0.087868 0.039328
1 0.599726 0.697279 0.063904 0.038265
1 0.031909 0.742985 0.059910 0.036139
1 0.075843 0.737139 0.070561 0.043580
1 0.147070 0.745111 0.098519 0.036139
1 0.242261 0.741390 0.113164 0.039328
1 0.324804 0.738202 0.083874 0.037202
1 0.387377 0.738202 0.073224 0.043580
1 0.455276 0.739264 0.067898 0.043580
1 0.525171 0.734481 0.101182 0.046769
1 0.595066 0.730761 0.067898 0.043580
1 0.650317 0.739264 0.063904 0.043580
1 0.031244 0.783376 0.053254 0.040391
1 0.081835 0.781250 0.058579 0.038265
1 0.145739 0.779124 0.106507 0.040391
1 0.248918 0.778593 0.094525 0.035077
1 0.324138 0.779124 0.071892 0.034014
1 0.386046 0.780187 0.070561 0.036139
1 0.457273 0.774872 0.066567 0.034014
1 0.526502 0.779124 0.087868 0.036139
1 0.591072 0.771684 0.078549 0.036139
1 0.032264 0.820578 0.064527 0.036139
1 0.077175 0.823236 0.057248 0.032951
1 0.151730 0.820047 0.089200 0.039328
1 0.242261 0.817389 0.099851 0.040391
1 0.330130 0.815264 0.054585 0.034014
1 0.387377 0.814201 0.086537 0.031888
1 0.452613 0.813138 0.075886 0.038265
1 0.523840 0.813138 0.101182 0.038265
1 0.599726 0.811012 0.058579 0.036139
1 0.036569 0.854592 0.066567 0.029762
1 0.083166 0.857781 0.063904 0.040391
1 0.145739 0.854592 0.119821 0.036139
1 0.245589 0.855123 0.109170 0.039328
1 0.320144 0.851403 0.066567 0.038265
1 0.388043 0.853529 0.077218 0.036139
1 0.462598 0.850340 0.063904 0.034014
1 0.533825 0.854592 0.075886 0.031888
1 0.599726 0.853529 0.058579 0.036139
1 0.036569 0.893389 0.045266 0.032951
1 0.074512 0.894983 0.057248 0.036139
1 0.133091 0.893389 0.049260 0.035077
1 0.166375 0.886480 0.054585 0.038265
1 0.254243 0.892326 0.107839 0.039328
1 0.324138 0.889137 0.066567 0.035077
1 0.388043 0.891263 0.082543 0.030825
1 0.453279 0.889137 0.074555 0.039328
1 0.525837 0.882759 0.081212 0.037202
1 0.591738 0.884885 0.074555 0.028699
1 0.031909 0.923151 0.057248 0.041454
1 0.084497 0.933780 0.055916 0.032951
1 0.127100 0.930591 0.066567 0.035077
1 0.173697 0.930060 0.066567 0.036139
1 0.228948 0.931122 0.062573 0.038265
1 0.271551 0.932185 0.051922 0.036139
1 0.320810 0.932717 0.057248 0.039328
1 0.382717 0.930591 0.082543 0.039328
1 0.461932 0.928465 0.067898 0.032951
1 0.534490 0.931654 0.066567 0.032951
1 0.595732 0.931654 0.066567 0.037202
1 0.754162 0.691964 0.063904 0.034014
1 0.745508 0.728635 0.062573 0.035077
1 0.648320 0.695685 0.065236 0.039328
1 0.652314 0.770089 0.046597 0.035077
1 0.650317 0.809418 0.053254 0.039328
1 0.643660 0.850340 0.045266 0.031888
1 0.648320 0.882228 0.041272 0.019133
1 0.647654 0.929528 0.050591 0.041454
1 0.755493 0.767963 0.045266 0.043580
1 0.746173 0.806760 0.047928 0.034014
1 0.746173 0.851935 0.047928 0.032951
1 0.748170 0.884885 0.054585 0.037202
1 0.752165 0.930591 0.057248 0.043580
1 0.805418 0.654230 0.046597 0.039328
1 0.871985 0.653699 0.051922 0.029762
1 0.924573 0.652636 0.050591 0.034014
1 0.968507 0.653699 0.055916 0.031888
1 0.803421 0.695153 0.045266 0.036139
1 0.923242 0.694090 0.053254 0.042517
1 0.969839 0.694090 0.042603 0.029762
1 0.796099 0.736076 0.051922 0.037202
1 0.857340 0.729698 0.081212 0.039328
1 0.798096 0.772747 0.045266 0.031888
1 0.855343 0.772747 0.077218 0.044643
1 0.912591 0.766901 0.061242 0.039328
1 0.961851 0.767432 0.053254 0.034014
1 0.803421 0.803040 0.047928 0.032951
1 0.863997 0.802509 0.070561 0.036139
1 0.918582 0.803040 0.054585 0.028699
1 0.964513 0.805697 0.069230 0.038265
1 0.790108 0.840774 0.047928 0.038265
1 0.860003 0.842900 0.083874 0.044643
1 0.916585 0.842368 0.061242 0.043580
1 0.967842 0.847683 0.041272 0.035077
1 0.798096 0.885417 0.042603 0.034014
1 0.854678 0.883822 0.073224 0.037202
1 0.914588 0.883822 0.070561 0.039328
1 0.960519 0.880102 0.071892 0.044643
1 0.798761 0.924745 0.059910 0.048895
1 0.856675 0.923682 0.069230 0.040391
1 0.922576 0.926871 0.051922 0.044643
1 0.958522 0.924745 0.062573 0.038265
