2 0.661039 0.699424 0.132304 0.044931
2 0.788833 0.700864 0.123283 0.046659
2 0.898585 0.700000 0.096221 0.046083
2 0.972756 0.701728 0.052120 0.048387
1 0.493398 0.699718 0.203600 0.048684
1 0.304925 0.699953 0.170075 0.049154
1 0.138529 0.702397 0.162716 0.049342
1 0.028177 0.703337 0.056353 0.050282
1 0.029485 0.748966 0.058970 0.040414
1 0.139510 0.749201 0.161081 0.042763
1 0.306724 0.747086 0.174981 0.042293
1 0.498467 0.747086 0.205235 0.043233
1 0.665026 0.746617 0.125921 0.045113
1 0.790947 0.747321 0.125921 0.042763
1 0.902968 0.747791 0.098120 0.044643
1 0.975332 0.747791 0.048242 0.044643
1 0.028667 0.791259 0.057334 0.040414
1 0.139919 0.792904 0.163534 0.042763
1 0.306724 0.791494 0.168440 0.044643
1 0.496014 0.791259 0.208506 0.044173
1 0.664454 0.791729 0.126739 0.045113
1 0.791438 0.791729 0.124286 0.045113
1 0.901823 0.791024 0.094850 0.042763
1 0.975033 0.791729 0.049934 0.041353
1 0.029894 0.835432 0.059788 0.046053
1 0.139102 0.836372 0.160263 0.045113
1 0.304680 0.836137 0.170893 0.044643
1 0.495523 0.835902 0.211776 0.043233
1 0.664781 0.837312 0.125103 0.042293
1 0.790947 0.836607 0.127556 0.041823
1 0.903377 0.835902 0.092397 0.043233
1 0.973942 0.834962 0.049060 0.044173
1 0.028994 0.880968 0.057988 0.043703
1 0.139756 0.881673 0.161898 0.044173
1 0.307378 0.880263 0.173346 0.043233
1 0.499694 0.881438 0.206053 0.045583
1 0.666907 0.881438 0.123468 0.042763
1 0.792419 0.880263 0.125921 0.043233
1 0.906484 0.880263 0.097303 0.043233
1 0.976804 0.879558 0.044972 0.043703
1 0.029403 0.925470 0.058806 0.044173
1 0.138938 0.926175 0.160263 0.044643
1 0.307787 0.925470 0.175799 0.044173
1 0.498058 0.924765 0.204417 0.042763
1 0.665844 0.925235 0.127556 0.042763
1 0.792992 0.924295 0.126739 0.042763
1 0.903213 0.924765 0.097303 0.041823
1 0.975577 0.923590 0.045789 0.044173
1 0.031120 0.970724 0.062240 0.041823
1 0.142781 0.970724 0.161081 0.041823
1 0.308768 0.970019 0.175799 0.044173
1 0.499694 0.969549 0.206053 0.045113
1 0.664454 0.969314 0.128374 0.044643
1 0.792992 0.968139 0.126739 0.044173
1 0.902150 0.968609 0.094850 0.043233
1 0.975605 0.969314 0.048789 0.043703