2 0.175648 0.389546 0.114398 0.049310
2 0.262128 0.389546 0.085799 0.049310
2 0.368355 0.389546 0.148446 0.049310
2 0.481391 0.388314 0.104865 0.046844
2 0.602599 0.389546 0.156617 0.049310
2 0.733340 0.389957 0.123932 0.048488
2 0.840248 0.389546 0.108951 0.049310
2 0.173605 0.432692 0.110313 0.048488
2 0.261447 0.431460 0.084437 0.046022
2 0.363588 0.433103 0.138912 0.042735
2 0.481391 0.431460 0.104865 0.046022
2 0.606685 0.432692 0.156617 0.043557
2 0.730617 0.431460 0.118484 0.046022
2 0.838206 0.432692 0.104865 0.048488
2 0.172924 0.472962 0.108951 0.048488
2 0.262128 0.474195 0.085799 0.046022
2 0.366312 0.471729 0.152531 0.046022
2 0.481391 0.470085 0.104865 0.049310
2 0.602599 0.472962 0.156617 0.048488
2 0.730617 0.471729 0.118484 0.046022
2 0.835482 0.474195 0.110313 0.046022
2 0.176329 0.513642 0.104865 0.049310
2 0.264171 0.513231 0.089884 0.043557
2 0.364269 0.514875 0.148446 0.046844
2 0.485477 0.514875 0.113037 0.051775
2 0.604642 0.513642 0.160703 0.049310
2 0.730617 0.514875 0.129379 0.046844
2 0.833439 0.514875 0.114398 0.051775
2 0.175648 0.553912 0.122570 0.049310
2 0.264171 0.553912 0.089884 0.049310
2 0.368355 0.555145 0.148446 0.046844
2 0.483434 0.553912 0.108951 0.049310
2 0.604642 0.552679 0.160703 0.051775
2 0.730617 0.556377 0.118484 0.049310
2 0.835482 0.555556 0.118484 0.046022
2 0.177691 0.596647 0.110313 0.049310
2 0.264171 0.595414 0.089884 0.045201
2 0.368355 0.595003 0.156617 0.046022
2 0.482753 0.595414 0.110313 0.045201
2 0.602599 0.598291 0.156617 0.046022
2 0.730617 0.598291 0.118484 0.050953
2 0.835482 0.598291 0.118484 0.050953
2 0.177691 0.638971 0.110313 0.043557
2 0.264171 0.637327 0.089884 0.045201
2 0.371079 0.637327 0.142998 0.045201
2 0.485477 0.636917 0.104865 0.046022
2 0.604642 0.638560 0.152531 0.049310
2 0.733340 0.636095 0.123932 0.049310
2 0.840248 0.640204 0.108951 0.050953
2 0.173605 0.676364 0.110313 0.049310
2 0.259404 0.676364 0.091246 0.054241
2 0.368355 0.679241 0.148446 0.043557
2 0.484796 0.679241 0.114398 0.048488
2 0.606685 0.678830 0.156617 0.049310
2 0.735383 0.678830 0.128017 0.049310
2 0.835482 0.682117 0.110313 0.049310
2 0.173605 0.716223 0.110313 0.048488
2 0.264171 0.717456 0.089884 0.046022
2 0.371079 0.718277 0.153893 0.046022
2 0.484796 0.717867 0.114398 0.045201
2 0.604642 0.719510 0.152531 0.048488
2 0.730617 0.720743 0.118484 0.046022
2 0.836163 0.721154 0.119846 0.051775
2 0.177317 0.760830 0.110161 0.043100
2 0.268714 0.760465 0.079897 0.048214
2 0.368586 0.759369 0.151321 0.046022
2 0.485405 0.759369 0.106530 0.046022
2 0.605857 0.760465 0.161005 0.048214
2 0.732966 0.761926 0.127109 0.051136
2 0.838890 0.761926 0.118635 0.051136
2 0.177922 0.803930 0.111372 0.043100
2 0.266898 0.800278 0.076266 0.046022
2 0.368586 0.801739 0.153742 0.048944
2 0.489642 0.802834 0.105319 0.051136
2 0.605857 0.802834 0.161005 0.051136
2 0.731150 0.801739 0.130741 0.048944
2 0.835259 0.801373 0.118635 0.048214
1 0.183975 0.838630 0.106530 0.046753
1 0.267504 0.842282 0.084740 0.048214
1 0.374639 0.840821 0.148900 0.051136
1 0.489642 0.843743 0.105319 0.046753
1 0.610094 0.844839 0.152531 0.048944
1 0.734782 0.847396 0.113793 0.043831
1 0.843127 0.846300 0.110161 0.046022
1 0.183975 0.883556 0.106530 0.048944
1 0.269319 0.884652 0.081108 0.046753
1 0.374639 0.884652 0.139215 0.046753
1 0.491458 0.885748 0.101687 0.048944
1 0.611909 0.885748 0.148900 0.048944
1 0.735387 0.884652 0.115004 0.045292
1 0.843127 0.886113 0.110161 0.048214
1 0.268714 0.927022 0.079897 0.043831
1 0.372823 0.928117 0.142847 0.046022
1 0.493879 0.929578 0.113793 0.048944
1 0.607672 0.928117 0.147689 0.046022
1 0.735387 0.928117 0.122267 0.046022
1 0.844943 0.929213 0.106530 0.043831
1 0.186396 0.929578 0.094424 0.043100
1 0.188212 0.965008 0.098056 0.043831
1 0.268714 0.970487 0.079897 0.043100
1 0.377665 0.969026 0.135583 0.040178
1 0.491458 0.970122 0.101687 0.037987
1 0.607672 0.969026 0.147689 0.040178
1 0.737203 0.971583 0.118635 0.040909
1 0.843127 0.969026 0.110161 0.040178