1 0.626431 0.091964 0.094019 0.108929
1 0.713027 0.093750 0.076700 0.116071
1 0.948058 0.115179 0.103883 0.130357
1 0.622101 0.208929 0.092782 0.110714
1 0.711790 0.208036 0.079174 0.112500
1 0.822510 0.093750 0.147214 0.116071
1 0.824365 0.216071 0.145977 0.117857
1 0.946837 0.218750 0.096493 0.105357
0 0.618390 0.318750 0.092782 0.116071
0 0.700656 0.316964 0.074225 0.112500
0 0.818798 0.324107 0.154636 0.119643
1 0.946837 0.328571 0.098967 0.117857
0 0.611586 0.426786 0.094019 0.103571
0 0.696945 0.427679 0.076700 0.105357
0 0.814469 0.431250 0.155873 0.116071
0 0.945600 0.440179 0.103916 0.119643
0 0.609111 0.541071 0.091545 0.110714
0 0.696945 0.540179 0.076700 0.108929
0 0.813850 0.547321 0.154636 0.108929
0 0.944363 0.552679 0.101441 0.108929
0 0.604163 0.647321 0.091545 0.105357
1 0.696326 0.647321 0.082885 0.094643
0 0.815706 0.652679 0.150925 0.098214
1 0.946837 0.657143 0.103916 0.100000
0 0.605400 0.758036 0.091545 0.105357
0 0.693234 0.758036 0.081648 0.105357
1 0.816943 0.764286 0.158348 0.114286
0 0.948693 0.769643 0.100204 0.114286
0 0.423548 0.416071 0.054432 0.078571
0 0.508288 0.765179 0.065566 0.101786
0 0.500866 0.660714 0.068040 0.092857
0 0.502103 0.560714 0.075463 0.096429
0 0.508288 0.462500 0.077937 0.096429
0 0.508288 0.358929 0.075463 0.103571
0 0.513855 0.251786 0.076700 0.110714
0 0.520041 0.143750 0.059380 0.105357
0 0.525608 0.042857 0.068040 0.085714
0 0.428496 0.325000 0.054432 0.092857
0 0.429115 0.235714 0.045772 0.085714
0 0.430970 0.146429 0.039587 0.078571
0 0.435300 0.054464 0.035876 0.091071
0 0.421074 0.508929 0.049484 0.071429
0 0.417362 0.586607 0.037113 0.083929
0 0.413651 0.675893 0.032164 0.091071
0 0.415507 0.766964 0.033401 0.080357
2 0.186026 0.183929 0.042061 0.064286
2 0.225189 0.185119 0.034535 0.065476
2 0.281116 0.183259 0.075256 0.063244
2 0.344259 0.180283 0.049999 0.061756
2 0.184983 0.243155 0.038659 0.047619
2 0.224158 0.244271 0.035566 0.051339
2 0.279311 0.241667 0.072679 0.047619
2 0.343228 0.238318 0.052061 0.048363
2 0.183952 0.295238 0.036597 0.043155
2 0.222354 0.292634 0.036082 0.046875
2 0.277507 0.290774 0.072164 0.046131
2 0.339620 0.287798 0.049999 0.041667
2 0.183695 0.344345 0.037113 0.044643
2 0.220292 0.342857 0.032989 0.046131
2 0.276476 0.342113 0.074225 0.050595
2 0.338331 0.339137 0.046391 0.055060
2 0.383887 0.181336 0.025540 0.062212
2 0.383089 0.239804 0.023944 0.046659
2 0.379896 0.291935 0.027136 0.052995
2 0.379497 0.342684 0.027934 0.038594
1 0.183076 0.395461 0.036082 0.052827
1 0.219416 0.394717 0.032474 0.049851
1 0.275085 0.393229 0.077834 0.048363
1 0.339259 0.395833 0.048453 0.053571
1 0.380237 0.393229 0.024226 0.054315
1 0.183076 0.446429 0.039175 0.044643
1 0.218127 0.444940 0.034020 0.049107
1 0.274827 0.445312 0.078349 0.052827
1 0.339965 0.446429 0.052108 0.051948
1 0.379515 0.446699 0.026991 0.052489
1 0.181580 0.493777 0.038987 0.051407
1 0.218318 0.495400 0.034489 0.050325
1 0.275299 0.497024 0.079474 0.050325
1 0.340715 0.496753 0.053607 0.049784
1 0.380265 0.497024 0.024742 0.050325
1 0.181393 0.544372 0.039362 0.049784
1 0.218318 0.544643 0.034489 0.051407
1 0.274737 0.546537 0.077599 0.050866
1 0.339853 0.546970 0.053232 0.049784
1 0.380152 0.547511 0.027366 0.050866
1 0.181018 0.593236 0.040112 0.048160
1 0.218880 0.594589 0.035613 0.050866
1 0.274924 0.596212 0.077224 0.049784
1 0.340340 0.595400 0.051358 0.047078
1 0.380265 0.596483 0.027741 0.050325
1 0.179893 0.639502 0.039362 0.044372
1 0.217568 0.641396 0.036738 0.045996
1 0.274362 0.644102 0.078349 0.047078
1 0.339591 0.643290 0.052858 0.047619
1 0.379890 0.646266 0.027741 0.048160
1 0.180398 0.691845 0.038350 0.057738
1 0.179574 0.746905 0.039175 0.048810
1 0.178749 0.794226 0.038350 0.045833
1 0.217099 0.692738 0.033401 0.053571
1 0.216480 0.745714 0.033814 0.053571
1 0.217511 0.795417 0.037525 0.043452
1 0.274417 0.695119 0.079586 0.053571
1 0.272562 0.746905 0.079999 0.050000
1 0.273180 0.795417 0.075463 0.045833
1 0.340189 0.694524 0.053607 0.051190
1 0.338540 0.747500 0.051958 0.053571
1 0.336890 0.798393 0.051133 0.045833
1 0.380601 0.696607 0.027216 0.051786
1 0.378333 0.744524 0.026804 0.045238
1 0.377921 0.795119 0.027628 0.055952