0 0.100244 0.057359 0.025162 0.047426
0 0.088880 0.109528 0.030032 0.056911
0 0.077922 0.165648 0.025974 0.052168
0 0.062500 0.218607 0.025974 0.056911
0 0.052354 0.279470 0.025162 0.061654
0 0.038555 0.334010 0.034903 0.066396
0 0.027597 0.393292 0.032468 0.064815
0 0.130682 0.059731 0.034091 0.052168
0 0.117695 0.115061 0.032468 0.058492
0 0.105925 0.168019 0.028409 0.053749
0 0.094562 0.219397 0.034903 0.055330
0 0.083198 0.279470 0.034903 0.058492
0 0.073458 0.341914 0.030032 0.053749
0 0.057224 0.401196 0.033279 0.055330
0 0.047484 0.455736 0.030032 0.041102
0 0.168019 0.057359 0.056818 0.050588
0 0.158685 0.114270 0.056006 0.056911
0 0.151380 0.171181 0.062500 0.047426
0 0.142045 0.228092 0.060065 0.056911
0 0.127435 0.284213 0.063312 0.052168
0 0.117695 0.347447 0.066558 0.061654
0 0.103896 0.409101 0.066558 0.064815
0 0.089692 0.478658 0.062500 0.074300
0 0.228490 0.058940 0.065747 0.053749
0 0.216315 0.111109 0.062500 0.053749
0 0.209416 0.168019 0.063312 0.053749
0 0.200893 0.226511 0.065747 0.060073
0 0.190747 0.288165 0.073052 0.060073
0 0.181818 0.346657 0.076299 0.056911
0 0.167614 0.415424 0.067370 0.061654
0 0.157468 0.484191 0.069805 0.072720
0 0.142045 0.560863 0.069805 0.080624
0 0.143669 0.643068 0.035714 0.080624
0 0.303571 0.050245 0.079545 0.052168
0 0.293019 0.111109 0.084416 0.063234
0 0.287338 0.166439 0.092532 0.056911
0 0.277192 0.222559 0.086851 0.058492
0 0.271510 0.292117 0.090097 0.067977
0 0.260958 0.355351 0.086851 0.071139
0 0.248377 0.421747 0.089286 0.074300
0 0.241883 0.491305 0.090909 0.083786
0 0.227273 0.571139 0.089286 0.085366
0 0.214692 0.659667 0.099838 0.098013
0 0.378247 0.051036 0.071429 0.066396
0 0.373377 0.113480 0.076299 0.064815
0 0.369318 0.170391 0.074675 0.052168
0 0.361201 0.236787 0.082792 0.067977
0 0.354708 0.303973 0.082792 0.066396
0 0.346997 0.367998 0.081981 0.071139
0 0.338068 0.445460 0.090097 0.074300
0 0.328328 0.519761 0.081981 0.080624
0 0.317776 0.598013 0.088474 0.069558
0 0.306818 0.683380 0.090909 0.110660
0 0.452516 0.051036 0.083604 0.060073
0 0.452110 0.114270 0.081169 0.050588
0 0.443994 0.174343 0.087662 0.063234
0 0.440747 0.237577 0.084416 0.063234
0 0.433036 0.307926 0.088474 0.067977
0 0.426542 0.381436 0.096591 0.079043
0 0.423295 0.453365 0.094968 0.090109
0 0.416396 0.529246 0.099026 0.071139
0 0.405032 0.614612 0.103896 0.102756
0 0.403003 0.705512 0.096591 0.091690
0 0.551136 0.058940 0.043831 0.066396
0 0.511364 0.054988 0.038961 0.064815
0 0.506088 0.118222 0.038149 0.058492
0 0.503653 0.178295 0.036526 0.067977
0 0.496347 0.247062 0.043019 0.063234
0 0.495536 0.315830 0.038149 0.071139
0 0.489448 0.391711 0.037338 0.071139
0 0.487013 0.470754 0.038961 0.080624
0 0.479302 0.552959 0.044643 0.080624
0 0.474026 0.636744 0.043831 0.086947
0 0.467127 0.724482 0.049513 0.085366
0 0.547078 0.119013 0.047078 0.056911
0 0.543425 0.183828 0.046266 0.072720
0 0.538961 0.249434 0.050325 0.071139
0 0.538961 0.322153 0.047078 0.074300
0 0.533685 0.393292 0.051136 0.077462
0 0.529627 0.476287 0.052760 0.082205
0 0.528409 0.564815 0.058442 0.085366
0 0.525974 0.643858 0.060065 0.098013
0 0.519075 0.736339 0.057630 0.083786
0 0.599432 0.059731 0.051136 0.067977
0 0.596185 0.132450 0.051136 0.061654
0 0.592938 0.192523 0.049513 0.064815
0 0.591721 0.255757 0.050325 0.074300
0 0.591721 0.328477 0.047078 0.074300
0 0.588474 0.399615 0.053571 0.074300
0 0.586039 0.481030 0.058442 0.091690
0 0.585633 0.574300 0.054383 0.088528
0 0.584416 0.664409 0.055195 0.085366
0 0.582792 0.765584 0.064935 0.116984
0 0.641640 0.058150 0.046266 0.067977
0 0.642045 0.128498 0.043831 0.066396
0 0.639610 0.194894 0.047078 0.069558
0 0.639205 0.264452 0.052760 0.069558
0 0.639205 0.334010 0.047890 0.075881
0 0.640016 0.409891 0.049513 0.075881
0 0.635146 0.486563 0.052760 0.105918
0 0.637987 0.582205 0.051948 0.094852
0 0.638799 0.675475 0.053571 0.098013
0 0.640016 0.771908 0.054383 0.110660
0 0.703328 0.064473 0.088474 0.064815
0 0.706981 0.130869 0.094156 0.080624
0 0.706981 0.201218 0.090909 0.072720
0 0.713880 0.273937 0.094968 0.094852
0 0.711039 0.341124 0.099026 0.090109
0 0.712662 0.416214 0.110390 0.101175
0 0.714286 0.500790 0.110390 0.096432
0 0.717938 0.589319 0.116071 0.102756
0 0.719968 0.684961 0.113636 0.104337
0 0.726867 0.788507 0.116071 0.115403
0 0.770292 0.070797 0.042208 0.061654
0 0.774351 0.134821 0.047078 0.069558
0 0.775568 0.208331 0.049513 0.077462
0 0.779627 0.281051 0.054383 0.077462
0 0.784497 0.357723 0.059253 0.088528
0 0.788149 0.428861 0.056818 0.085366
0 0.793019 0.520551 0.053571 0.091690
0 0.798295 0.614612 0.051136 0.086947
0 0.804789 0.712626 0.057630 0.099594
0 0.812906 0.814591 0.065747 0.104337
0 0.817370 0.075539 0.047078 0.064815
0 0.821834 0.143516 0.049513 0.077462
0 0.824675 0.217026 0.050325 0.072720
0 0.831981 0.287374 0.045455 0.071139
0 0.834010 0.359303 0.049513 0.088528
0 0.841315 0.447041 0.049513 0.086947
0 0.844968 0.537941 0.053571 0.085366
0 0.850244 0.628050 0.052760 0.091690
0 0.892857 0.085815 0.103896 0.085366
0 0.900974 0.159325 0.103896 0.090109
0 0.903815 0.220978 0.104708 0.093271
0 0.910714 0.291327 0.112013 0.091690
0 0.915179 0.370370 0.114448 0.079043
0 0.904627 0.447041 0.080357 0.067977
0 0.896104 0.532408 0.050325 0.071139
0 0.968344 0.642277 0.040584 0.079043
0 0.945617 0.733967 0.077922 0.082205
0 0.939529 0.839885 0.098214 0.110660
0 0.957386 0.101623 0.028409 0.047426
0 0.963474 0.170391 0.034091 0.055330
0 0.465097 0.831981 0.043831 0.107498
0 0.361607 0.790878 0.036526 0.079043
0 0.315341 0.784555 0.033279 0.082205
0 0.411932 0.809848 0.041396 0.101175
0 0.516234 0.836723 0.053571 0.088528
0 0.637581 0.872292 0.044643 0.083786
0 0.697646 0.890472 0.051136 0.085366
0 0.759334 0.907071 0.051136 0.083786
0 0.875000 0.935527 0.040584 0.080624
0 0.581169 0.863598 0.047078 0.091690
0 0.275568 0.769537 0.034903 0.077462
0 0.177354 0.740291 0.026786 0.069558
0 0.233766 0.752938 0.034091 0.072720