1 0.087632 0.225355 0.035053 0.069787
1 0.129299 0.221950 0.053571 0.076596
1 0.166336 0.219397 0.029762 0.071490
1 0.192791 0.221950 0.032407 0.076596
1 0.232143 0.213440 0.064815 0.083404
1 0.294312 0.202376 0.064815 0.071490
1 0.335979 0.193014 0.037037 0.076596
1 0.365410 0.195567 0.039021 0.081702
1 0.394180 0.187057 0.037037 0.078298
1 0.423611 0.187057 0.032407 0.078298
1 0.465278 0.178546 0.064153 0.071490
1 0.527778 0.174291 0.064815 0.076596
1 0.595899 0.169184 0.071429 0.066383
1 0.659722 0.166631 0.069444 0.071490
1 0.657407 0.106205 0.055556 0.059575
1 0.782738 0.040673 0.032407 0.071490
1 0.823082 0.040673 0.057540 0.071490
1 0.865741 0.044078 0.046296 0.078298
1 0.907077 0.046631 0.041667 0.069787
1 0.911045 0.100248 0.048280 0.057872
1 0.876323 0.100248 0.043651 0.071490
1 0.827712 0.108759 0.057540 0.064681
1 0.786045 0.106205 0.035053 0.069787
1 0.757937 0.100248 0.039683 0.071490
1 0.729167 0.100248 0.032407 0.071490
1 0.699074 0.103652 0.037037 0.064681
1 0.920304 0.166631 0.048280 0.071490
1 0.703704 0.169184 0.041005 0.076596
1 0.731481 0.171737 0.037037 0.071490
1 0.762566 0.166631 0.039683 0.071490
1 0.792659 0.165780 0.039021 0.083404
1 0.834656 0.165780 0.071429 0.083404
1 0.878638 0.169184 0.048280 0.090213
1 0.081019 0.297695 0.037698 0.071490
1 0.075066 0.362376 0.039021 0.071490
1 0.070437 0.426206 0.044312 0.066383
1 0.065807 0.500249 0.035053 0.071490
1 0.063823 0.581100 0.029762 0.076596
1 0.059854 0.646632 0.023148 0.078298
1 0.056878 0.718122 0.015873 0.088511
1 0.122685 0.288334 0.054894 0.076596
1 0.116733 0.359823 0.057540 0.076596
1 0.108796 0.426206 0.060185 0.090213
1 0.105159 0.497696 0.052910 0.090213
1 0.097222 0.574292 0.055556 0.100426
1 0.092593 0.652590 0.055556 0.090213
1 0.086640 0.723228 0.052910 0.088511
1 0.163360 0.284929 0.034392 0.083404
1 0.157407 0.353866 0.031746 0.078298
1 0.150132 0.427908 0.037037 0.083404
1 0.143519 0.496845 0.037037 0.078298
1 0.135582 0.570887 0.034392 0.083404
1 0.128638 0.645781 0.039021 0.100426
1 0.125000 0.728335 0.033069 0.088511
1 0.187500 0.284929 0.036376 0.073192
1 0.182870 0.356419 0.036376 0.083404
1 0.178241 0.421951 0.041667 0.095319
1 0.172288 0.496845 0.035053 0.078298
1 0.165675 0.570036 0.039021 0.095319
1 0.157407 0.650888 0.037037 0.100426
1 0.230489 0.284929 0.062831 0.073192
1 0.225860 0.344504 0.062831 0.083404
1 0.223214 0.413440 0.062831 0.078298
1 0.217593 0.489185 0.060847 0.083404
1 0.211971 0.565781 0.066799 0.083404
1 0.207011 0.644079 0.071429 0.083404
1 0.292659 0.278121 0.066799 0.066383
1 0.286045 0.349610 0.066799 0.090213
1 0.282407 0.415142 0.068783 0.088511
1 0.278108 0.485781 0.069444 0.090213
1 0.274471 0.559824 0.071429 0.095319
1 0.271825 0.638122 0.071429 0.095319
1 0.332685 0.256844 0.031772 0.071490
1 0.330218 0.324929 0.032129 0.088511
1 0.327607 0.399823 0.034844 0.081702
1 0.323134 0.473866 0.040448 0.090213
1 0.320680 0.552164 0.039508 0.100426
1 0.319218 0.634717 0.036585 0.088511
1 0.390263 0.250887 0.031848 0.083404
1 0.389270 0.318972 0.033832 0.090213
1 0.387134 0.396419 0.034849 0.088511
1 0.384921 0.468760 0.034392 0.090213
1 0.382402 0.551313 0.038614 0.102128
1 0.381181 0.634717 0.036172 0.102128
1 0.467262 0.250887 0.069444 0.083404
1 0.465939 0.316419 0.066799 0.081702
1 0.468254 0.387908 0.067460 0.081702
1 0.463845 0.461951 0.067901 0.090213
1 0.464947 0.542802 0.074074 0.095319
1 0.466270 0.628760 0.071429 0.100426
2 0.054603 0.797244 0.015238 0.091507
2 0.080000 0.806231 0.044444 0.096409
2 0.116508 0.809499 0.033651 0.102945
2 0.146667 0.731882 0.039365 0.098043
2 0.140000 0.811950 0.034921 0.107847
2 0.194603 0.730248 0.073016 0.107847
2 0.184444 0.822572 0.079365 0.096409
2 0.261270 0.727797 0.078095 0.112749
2 0.254603 0.816036 0.082540 0.096409
1 0.361905 0.254741 0.039365 0.084970
1 0.360276 0.324009 0.036341 0.078477
1 0.359440 0.397649 0.038012 0.075252
1 0.355054 0.474514 0.043442 0.087077
1 0.352757 0.555141 0.039683 0.082777
1 0.350877 0.638456 0.040936 0.096753
1 0.422466 0.250235 0.035816 0.069133
1 0.421042 0.318320 0.038665 0.079607
1 0.419821 0.393214 0.038665 0.084845
1 0.417582 0.468108 0.039886 0.087987
1 0.417582 0.547191 0.039886 0.091130
1 0.415954 0.634131 0.039886 0.095319
2 0.311355 0.721071 0.035816 0.105794
2 0.308506 0.814819 0.039886 0.102652
2 0.345747 0.719500 0.039479 0.102652
2 0.340863 0.811677 0.041107 0.102652
2 0.377696 0.721071 0.038258 0.099509
2 0.374237 0.816914 0.039479 0.098462
2 0.410867 0.721071 0.041107 0.099509
2 0.409442 0.811677 0.041514 0.102652
2 0.465608 0.717405 0.074074 0.098462
2 0.464794 0.812200 0.075702 0.099509
2 0.532407 0.242719 0.075397 0.079433
1 0.531746 0.314208 0.074074 0.086241
1 0.533510 0.389670 0.074074 0.080568
2 0.536376 0.461727 0.077160 0.095319
1 0.536376 0.545131 0.077160 0.094185
1 0.537037 0.626833 0.082011 0.098724
2 0.537919 0.717614 0.082892 0.107802
2 0.538580 0.813501 0.087743 0.106667
2 0.599647 0.235910 0.074074 0.074894
2 0.662037 0.237613 0.069224 0.071490
2 0.708995 0.235910 0.043210 0.074894
2 0.737654 0.235910 0.038801 0.074894
2 0.767637 0.234208 0.040564 0.071490
1 0.601852 0.313074 0.072310 0.079433
1 0.667549 0.305130 0.067901 0.079433
1 0.715168 0.302294 0.037037 0.071490
1 0.741623 0.303428 0.040564 0.076029
1 0.772707 0.303996 0.040123 0.074894
2 0.798721 0.235910 0.036596 0.074894
2 0.804233 0.305698 0.035273 0.078298
1 0.602734 0.381159 0.077601 0.072624
1 0.669092 0.381159 0.070988 0.079433
1 0.716049 0.373216 0.041446 0.079433
1 0.747795 0.377187 0.037037 0.078298
1 0.779321 0.375485 0.044533 0.074894
1 0.809524 0.377187 0.039683 0.078298
2 0.608245 0.456620 0.075397 0.087376
2 0.674383 0.454918 0.072751 0.083972
2 0.721561 0.448677 0.040123 0.087376
2 0.753968 0.448677 0.037037 0.087376
2 0.783289 0.448677 0.046296 0.087376
2 0.816138 0.444705 0.037919 0.079433
2 0.609347 0.540025 0.078483 0.086241
2 0.679453 0.533784 0.074074 0.082837
2 0.727293 0.530947 0.042769 0.083972
2 0.759700 0.530379 0.040564 0.082837
2 0.790564 0.526975 0.045855 0.082837
2 0.822310 0.522436 0.041446 0.082837
2 0.613095 0.622862 0.081570 0.090780
2 0.681658 0.618890 0.074074 0.091915
2 0.732363 0.612649 0.043210 0.095319
2 0.763448 0.614351 0.043651 0.091915
2 0.797399 0.608677 0.048942 0.087376
2 0.829806 0.606975 0.043210 0.090780
2 0.614418 0.712507 0.078924 0.095319
2 0.686287 0.705699 0.077160 0.090780
2 0.738757 0.703429 0.046296 0.095319
2 0.771825 0.698323 0.044533 0.098724
2 0.806658 0.695486 0.048942 0.095319
2 0.836861 0.696053 0.047619 0.094185
2 0.618386 0.806692 0.085979 0.095319
2 0.690917 0.795344 0.080247 0.102128
2 0.742504 0.795344 0.044974 0.095319
2 0.778219 0.790805 0.044974 0.095319
2 0.812610 0.787401 0.049383 0.095319
2 0.845459 0.782862 0.046296 0.095319
2 0.840168 0.233074 0.063051 0.076029
2 0.846120 0.298889 0.066138 0.071490
2 0.853836 0.372081 0.066578 0.074894
2 0.860891 0.441868 0.068342 0.087376
2 0.867063 0.521301 0.070988 0.087376
2 0.874118 0.602436 0.072751 0.083972
2 0.887787 0.234776 0.044533 0.079433
2 0.923280 0.233074 0.049383 0.076029
2 0.893739 0.301726 0.049383 0.079433
2 0.933201 0.303996 0.050705 0.074894
2 0.901455 0.369811 0.049824 0.079433
2 0.940035 0.369811 0.049383 0.079433
2 0.908510 0.443571 0.048060 0.074894
2 0.946869 0.443571 0.050705 0.074894
2 0.916887 0.516762 0.048942 0.087376
2 0.952381 0.508819 0.045855 0.078298
2 0.923942 0.600734 0.048060 0.094185
2 0.955467 0.587117 0.039683 0.076029
2 0.886023 0.691514 0.070988 0.103263
2 0.930115 0.680734 0.048060 0.095319
2 0.962302 0.668252 0.026014 0.088511
2 0.891534 0.777756 0.066138 0.098724
2 0.936949 0.755628 0.037037 0.095319
2 0.961640 0.749954 0.024691 0.090780
1 0.057319 0.874210 0.024691 0.107802
1 0.083995 0.893501 0.038360 0.130497
1 0.113536 0.911657 0.032187 0.125958
1 0.139771 0.919600 0.029101 0.125958
1 0.181437 0.923572 0.066578 0.142979
1 0.252866 0.929813 0.075397 0.130497
1 0.304012 0.927543 0.033951 0.135036
1 0.338845 0.929246 0.038360 0.131632
1 0.373457 0.927543 0.037037 0.135036
1 0.411155 0.925841 0.038360 0.138440
1 0.462963 0.926976 0.074074 0.127093
1 0.541005 0.927543 0.084656 0.135036
1 0.620811 0.927543 0.080247 0.135036
1 0.694224 0.917898 0.081570 0.138440
1 0.749559 0.909387 0.047619 0.139575
1 0.782407 0.905416 0.046296 0.131632
1 0.819444 0.894068 0.046296 0.122554
1 0.852513 0.891799 0.038360 0.118014
1 0.892196 0.883855 0.064815 0.127093
1 0.936067 0.867969 0.038801 0.120284
1 0.963624 0.846408 0.026014 0.122554