2 0.207389 0.729164 0.063812 0.213025
2 0.267842 0.725936 0.068850 0.193659
2 0.329975 0.745302 0.058774 0.202266
2 0.383291 0.747454 0.074727 0.219481
2 0.550798 0.805551 0.057095 0.180749
2 0.469773 0.776503 0.113350 0.221632
2 0.609572 0.819538 0.067170 0.204418
2 0.697733 0.828145 0.083963 0.178597
2 0.413518 0.086860 0.059614 0.111892
2 0.495382 0.112681 0.097397 0.163535
2 0.573468 0.138503 0.070529 0.150624
2 0.637699 0.171855 0.066331 0.148472
2 0.717045 0.217042 0.090680 0.152776
2 0.803946 0.259002 0.091520 0.142017
2 0.716625 0.115909 0.099916 0.083919
2 0.803946 0.152489 0.098237 0.118347
2 0.869437 0.170779 0.044500 0.103285
2 0.864819 0.285899 0.033585 0.144169
2 0.900924 0.199828 0.053736 0.144169
2 0.905542 0.324631 0.042821 0.135562
2 0.938707 0.223497 0.043661 0.148472
2 0.940806 0.354755 0.034425 0.148472
2 0.044081 0.397791 0.073048 0.157079
2 0.332494 0.600057 0.083963 0.139865
2 0.334173 0.467723 0.082284 0.163535
2 0.395466 0.472027 0.068850 0.142017
2 0.482368 0.486013 0.123426 0.161383
2 0.472712 0.634486 0.122586 0.144169
2 0.559614 0.515062 0.074727 0.142017
2 0.559194 0.651700 0.073887 0.135562
2 0.627624 0.552718 0.078086 0.148472
2 0.622586 0.673218 0.068010 0.109740
2 0.701931 0.568857 0.097397 0.167838
2 0.698573 0.692583 0.109152 0.118347
2 0.788833 0.593602 0.093199 0.165686
2 0.778757 0.717329 0.108312 0.116196
2 0.845088 0.617271 0.061293 0.101133
2 0.845928 0.733467 0.037783 0.157079
2 0.884551 0.637713 0.051217 0.163535
2 0.882872 0.750681 0.046180 0.144169
2 0.923594 0.649548 0.052057 0.139865
2 0.927792 0.774351 0.045340 0.122651
1 0.051637 0.107302 0.071369 0.152776
1 0.052057 0.256850 0.077246 0.163535
1 0.048279 0.540884 0.059614 0.129106
1 0.122586 0.569933 0.120907 0.174293
1 0.129303 0.419309 0.112510 0.182900
1 0.131822 0.276216 0.122586 0.202266
1 0.135181 0.136351 0.110831 0.176445
1 0.206969 0.579616 0.078086 0.172142
1 0.209908 0.422536 0.070529 0.163535
1 0.219563 0.294506 0.078086 0.174293
1 0.223762 0.166476 0.069689 0.180749
1 0.277078 0.586071 0.082284 0.159231
1 0.275819 0.448358 0.076406 0.137713
1 0.280437 0.305265 0.072208 0.165686
1 0.286734 0.181538 0.071369 0.150624
1 0.346348 0.333238 0.084803 0.169990
1 0.350966 0.190145 0.082284 0.150624
1 0.402183 0.355831 0.073887 0.137713
1 0.413098 0.204132 0.055416 0.144169
1 0.485306 0.375197 0.117548 0.176445
1 0.484887 0.238560 0.113350 0.131258
1 0.568010 0.412853 0.071369 0.152776
1 0.572208 0.277292 0.076406 0.161383
1 0.628463 0.432219 0.079765 0.131258
1 0.634341 0.300961 0.073048 0.174293
1 0.716205 0.460192 0.094039 0.126954
1 0.713686 0.334314 0.095718 0.124803
1 0.794291 0.498924 0.085642 0.126954
1 0.801427 0.374121 0.081444 0.131258
