2 0.029554 0.515561 0.051123 0.041667
2 0.078547 0.513435 0.046863 0.039116
2 0.147245 0.507908 0.092661 0.036565
2 0.246296 0.507483 0.094791 0.040816
2 0.025428 0.554252 0.050855 0.030612
2 0.077482 0.553401 0.046863 0.035714
2 0.148842 0.550000 0.097987 0.037415
2 0.248426 0.547024 0.096922 0.031463
2 0.457074 0.501956 0.074555 0.036565
2 0.532694 0.499405 0.074555 0.038265
2 0.600326 0.498980 0.058579 0.039116
2 0.457607 0.541071 0.075620 0.034864
2 0.530564 0.538095 0.074555 0.034014
2 0.600326 0.538095 0.058579 0.037415
2 0.654645 0.497704 0.050058 0.041667
2 0.651982 0.538095 0.044733 0.039116
2 0.699911 0.497704 0.040473 0.036565
2 0.699911 0.536820 0.042603 0.034864
2 0.971504 0.496003 0.046863 0.038265
2 0.918251 0.496003 0.048993 0.038265
2 0.919848 0.536395 0.052189 0.037415
2 0.975764 0.535119 0.046863 0.039966
1 0.029369 0.589371 0.058737 0.038265
1 0.077908 0.590221 0.048993 0.034864
1 0.147138 0.588520 0.097987 0.033163
1 0.246190 0.583418 0.100117 0.033163
1 0.324473 0.504337 0.054319 0.039966
1 0.386779 0.503912 0.066034 0.040816
1 0.325005 0.543878 0.057514 0.035714
1 0.386779 0.542602 0.063904 0.034864
1 0.326070 0.582143 0.057514 0.035714
1 0.385714 0.581293 0.061774 0.039116
1 0.456009 0.580017 0.072425 0.039966
1 0.531629 0.575765 0.074555 0.039966
1 0.599474 0.576190 0.060709 0.035714
1 0.649533 0.577891 0.041538 0.037415
1 0.698526 0.578316 0.047928 0.038265
1 0.750182 0.493282 0.048993 0.041667
1 0.750715 0.537075 0.054319 0.037415
1 0.749650 0.575765 0.047928 0.036565
1 0.802371 0.494983 0.044733 0.039966
1 0.802371 0.537075 0.042603 0.037415
1 0.800773 0.575340 0.047928 0.040816
1 0.972782 0.574490 0.048993 0.037415
1 0.920061 0.573214 0.054319 0.034864
1 0.971185 0.613605 0.047928 0.040816
1 0.917931 0.610629 0.052189 0.038265
1 0.027429 0.627172 0.054857 0.039093
1 0.075713 0.626689 0.048965 0.036197
1 0.147951 0.625965 0.095511 0.039575
1 0.247693 0.621863 0.103974 0.040058
1 0.325976 0.620898 0.057428 0.043919
1 0.384915 0.619450 0.064077 0.041988
1 0.456246 0.618967 0.076167 0.039093
1 0.529693 0.617519 0.077981 0.041988
1 0.598304 0.616795 0.060450 0.041506
1 0.648779 0.614865 0.048965 0.040541
1 0.696837 0.613658 0.054405 0.041988
1 0.748824 0.614141 0.054405 0.040058
1 0.799723 0.615589 0.045942 0.039093
1 0.969286 0.651303 0.048965 0.036197
1 0.920925 0.652510 0.047756 0.037645
1 0.970192 0.689431 0.050778 0.038127
1 0.856244 0.690878 0.064682 0.041023
1 0.797607 0.691120 0.051383 0.037645
1 0.797305 0.653475 0.053196 0.036680
1 0.745923 0.654199 0.051987 0.039093
1 0.746829 0.693050 0.050174 0.038610
1 0.695447 0.654440 0.047756 0.037645
1 0.697260 0.693050 0.050174 0.040541
1 0.647449 0.656371 0.045338 0.037645
1 0.594858 0.656853 0.058637 0.037645
1 0.529874 0.658301 0.072540 0.038610
1 0.453707 0.659025 0.079794 0.040058
1 0.384250 0.661438 0.059846 0.041988
1 0.323800 0.661197 0.061055 0.036680
1 0.245215 0.662162 0.100952 0.038610
1 0.147286 0.664817 0.094907 0.040058
1 0.078856 0.665299 0.044129 0.041023
1 0.029287 0.666506 0.056219 0.043436
1 0.029516 0.706277 0.054222 0.036797
1 0.029516 0.742803 0.058289 0.037338
1 0.030347 0.782035 0.060694 0.038961
1 0.030194 0.819643 0.059644 0.036255
1 0.031549 0.855898 0.059644 0.037338
1 0.031549 0.892154 0.056933 0.034091
1 0.078316 0.704924 0.050155 0.038420
1 0.080010 0.742803 0.049477 0.039502
1 0.080688 0.781494 0.049477 0.040043
1 0.082382 0.820996 0.051511 0.037879
1 0.081704 0.854816 0.048800 0.037338
1 0.083060 0.893236 0.047444 0.038420
1 0.150498 0.703030 0.094211 0.036797
1 0.150837 0.740909 0.092177 0.036797
1 0.151515 0.779870 0.090822 0.038961
1 0.153887 0.818831 0.086077 0.036797
1 0.153210 0.856981 0.090144 0.036255
1 0.153548 0.892965 0.089466 0.035714
1 0.246742 0.702219 0.099633 0.037338
1 0.249453 0.739286 0.102344 0.035714
1 0.251148 0.776623 0.107088 0.034632
1 0.250131 0.815043 0.103699 0.035714
1 0.250131 0.853193 0.103699 0.035173
1 0.248776 0.891883 0.099633 0.035714
1 0.032905 0.930303 0.059644 0.038961
1 0.085093 0.931385 0.055577 0.037879
1 0.158971 0.929491 0.094888 0.037338
1 0.249792 0.931926 0.093533 0.040043
1 0.323127 0.698593 0.058289 0.036797
1 0.384127 0.699134 0.066422 0.036797
1 0.325838 0.737554 0.055577 0.040043
1 0.384805 0.737554 0.063711 0.037879
1 0.329566 0.777868 0.052189 0.041667
1 0.330922 0.816829 0.053544 0.036255
1 0.328888 0.853788 0.053544 0.040043
1 0.328211 0.890584 0.058966 0.035714
1 0.385821 0.775054 0.063033 0.037338
1 0.387516 0.814827 0.059644 0.040043
1 0.387516 0.854058 0.059644 0.038420
1 0.389210 0.893831 0.061677 0.036797
1 0.455632 0.697457 0.073877 0.034091
1 0.453599 0.733983 0.072522 0.033550
1 0.456310 0.772132 0.077944 0.038420
1 0.458343 0.811093 0.076588 0.039502
1 0.455225 0.851082 0.072522 0.037879
1 0.457598 0.890855 0.074555 0.038420
1 0.530526 0.696050 0.075911 0.035173
1 0.530187 0.732576 0.075233 0.035714
1 0.532898 0.771807 0.073877 0.039502
1 0.532559 0.811039 0.073200 0.036797
1 0.532559 0.850000 0.075911 0.036797
1 0.533576 0.888420 0.076588 0.035714
1 0.597829 0.694156 0.057611 0.036797
1 0.651712 0.696861 0.054222 0.043290
1 0.596135 0.733387 0.055577 0.037338
1 0.651034 0.733929 0.051511 0.037338
1 0.698817 0.733117 0.039989 0.034632
1 0.746600 0.728788 0.054222 0.035714
1 0.597490 0.772078 0.055577 0.034632
1 0.650356 0.771807 0.047444 0.037338
1 0.697462 0.771320 0.045411 0.037879
1 0.595118 0.810011 0.050833 0.037338
1 0.649001 0.810552 0.048800 0.038420
1 0.599862 0.850325 0.058966 0.037879
1 0.599523 0.887933 0.059644 0.036255
1 0.652051 0.848972 0.045411 0.036255
1 0.652051 0.887392 0.044055 0.039502
1 0.695767 0.809740 0.046089 0.036797
1 0.697801 0.848431 0.046089 0.039502
1 0.700173 0.889015 0.049477 0.039502
1 0.747142 0.768074 0.050155 0.037879
1 0.748498 0.809470 0.054222 0.037338
1 0.746126 0.847890 0.054900 0.038420
1 0.748498 0.886851 0.048800 0.036255
1 0.797637 0.729654 0.049477 0.041126
1 0.801364 0.771320 0.052866 0.041126
1 0.802042 0.811093 0.051511 0.035173
1 0.801703 0.850595 0.052189 0.041667
1 0.803398 0.888474 0.056933 0.036255
1 0.855925 0.731548 0.068455 0.040584
1 0.858975 0.771591 0.062355 0.038420
1 0.860669 0.810281 0.064388 0.035714
1 0.861008 0.848160 0.063711 0.035714
1 0.862025 0.885768 0.058966 0.037338
1 0.919094 0.730952 0.054900 0.037879
1 0.917738 0.769913 0.053544 0.036797
1 0.971282 0.769913 0.053544 0.041126
1 0.918077 0.809957 0.051511 0.038961
1 0.971282 0.809362 0.052189 0.038420
1 0.918077 0.848323 0.051511 0.038420
1 0.970604 0.847240 0.050833 0.036255
1 0.918416 0.885660 0.052189 0.035173
1 0.972977 0.884849 0.052866 0.036797
1 0.969927 0.923810 0.052189 0.037879
1 0.915705 0.923539 0.056255 0.039502
1 0.859788 0.924621 0.054222 0.037338
1 0.804550 0.925704 0.056255 0.038420
1 0.748295 0.923539 0.054900 0.035173
1 0.695089 0.924080 0.050155 0.033009
1 0.647984 0.925704 0.045411 0.036255
1 0.598507 0.926245 0.053544 0.038420
1 0.531407 0.925704 0.076588 0.039502
1 0.456513 0.928139 0.071844 0.035714
1 0.390769 0.928139 0.061000 0.034632