2 0.052760 0.131489 0.105519 0.122024
2 0.033685 0.260834 0.067370 0.139920
2 0.016234 0.387738 0.032468 0.146428
2 0.148133 0.137183 0.106331 0.126904
2 0.123377 0.257580 0.115260 0.146428
2 0.095373 0.388552 0.122565 0.122024
2 0.066964 0.527659 0.132305 0.165952
2 0.244318 0.134743 0.099026 0.128531
2 0.225649 0.269782 0.112013 0.122024
2 0.211039 0.389365 0.118506 0.133412
2 0.189529 0.530099 0.120942 0.161071
2 0.327110 0.142878 0.081169 0.141547
2 0.309253 0.264901 0.077922 0.118770
2 0.295455 0.393433 0.081169 0.148055
2 0.287744 0.546369 0.085227 0.164325
2 0.404627 0.139624 0.093344 0.141547
2 0.391234 0.265715 0.103896 0.126904
2 0.381899 0.393433 0.111201 0.151309
2 0.372159 0.537421 0.116071 0.172460
2 0.484172 0.142878 0.085227 0.125277
2 0.476461 0.264901 0.082792 0.122024
2 0.476461 0.395873 0.084416 0.133412
2 0.468750 0.540675 0.096591 0.162698
2 0.569805 0.143691 0.094156 0.123650
2 0.565747 0.272223 0.105519 0.133412
2 0.568994 0.404008 0.108766 0.146428
2 0.572646 0.560198 0.114448 0.146428
2 0.662338 0.142064 0.097403 0.123650
2 0.669643 0.266528 0.113636 0.125277
2 0.675325 0.401568 0.112013 0.154563
2 0.683036 0.556131 0.107955 0.141547
2 0.745942 0.150199 0.077922 0.130158
2 0.833604 0.145318 0.116883 0.133412
2 0.756088 0.276290 0.088474 0.135039
2 0.848214 0.274663 0.113636 0.128531
2 0.767451 0.409703 0.098214 0.141547
2 0.867695 0.409703 0.120130 0.148055
2 0.778815 0.556131 0.116071 0.154563
2 0.887581 0.561012 0.137175 0.170833
2 0.056006 0.743234 0.112012 0.274960
2 0.161932 0.739166 0.135552 0.279841
2 0.245130 0.746487 0.087662 0.268452
2 0.349838 0.746487 0.121753 0.274960
2 0.456981 0.749741 0.116883 0.294483
2 0.569805 0.748928 0.133117 0.289602
2 0.691964 0.757063 0.146916 0.273333
2 0.794237 0.780654 0.114448 0.287975