1 0.023576 0.729080 0.024743 0.032437
1 0.063025 0.728774 0.054155 0.031824
1 0.117880 0.729080 0.055556 0.032437
1 0.178805 0.726938 0.067227 0.031824
1 0.240196 0.725714 0.055556 0.034273
1 0.281513 0.726938 0.028011 0.036721
0 0.225724 0.674611 0.024743 0.021420
0 0.225023 0.693889 0.026144 0.017136
0 0.250467 0.672163 0.027544 0.021420
0 0.251167 0.693889 0.026144 0.017136
0 0.286415 0.673387 0.014472 0.018972
0 0.287115 0.690523 0.019608 0.015300
0 0.307423 0.690217 0.018207 0.014688
0 0.305089 0.673387 0.022876 0.018972
0 0.332166 0.680731 0.027544 0.038557
0 0.356676 0.693583 0.017740 0.017748
0 0.354809 0.673081 0.017740 0.019584
0 0.377684 0.672163 0.017740 0.025092
0 0.377684 0.691441 0.017740 0.017136
1 0.313259 0.726020 0.032680 0.038557
1 0.345005 0.726020 0.030812 0.038557
1 0.024691 0.760538 0.024691 0.034681
1 0.063272 0.762561 0.055115 0.034103
1 0.117504 0.760827 0.058642 0.034103
1 0.181437 0.761694 0.066578 0.035837
1 0.240741 0.759671 0.059083 0.036415
1 0.024691 0.792906 0.024691 0.034681
1 0.064153 0.794062 0.056878 0.032369
1 0.118827 0.796085 0.058642 0.036415
1 0.180556 0.796085 0.068342 0.036415
1 0.241623 0.794929 0.057319 0.034103
1 0.283289 0.758804 0.031305 0.038149
1 0.313272 0.759671 0.032187 0.036415
1 0.345679 0.759671 0.032628 0.036415
1 0.283069 0.794062 0.030864 0.032369
1 0.312610 0.794062 0.033510 0.032369
1 0.344356 0.794062 0.035273 0.035837
1 0.023148 0.826720 0.027778 0.036415
1 0.022928 0.861978 0.024691 0.034103
1 0.024030 0.895214 0.026014 0.032369
1 0.063272 0.830766 0.052469 0.036415
1 0.118166 0.829610 0.059965 0.038727
1 0.180556 0.827298 0.067460 0.034103
1 0.240741 0.827587 0.055556 0.034681
1 0.283069 0.827587 0.029101 0.038149
1 0.312390 0.828454 0.032187 0.036415
1 0.345459 0.827587 0.033951 0.038149
1 0.373457 0.724412 0.024691 0.038727
1 0.413360 0.724123 0.056878 0.038149
1 0.471120 0.724123 0.062169 0.038149
1 0.374559 0.759671 0.029541 0.036415
1 0.414903 0.759671 0.059965 0.039883
1 0.472663 0.759671 0.061728 0.036415
1 0.519621 0.758804 0.035714 0.034681
1 0.553571 0.758804 0.038360 0.034681
1 0.599427 0.758515 0.058642 0.034103
1 0.374780 0.794062 0.029101 0.036993
1 0.414021 0.792906 0.058201 0.038149
1 0.472443 0.793773 0.064815 0.036415
1 0.519621 0.792906 0.035714 0.034681
1 0.554453 0.793773 0.036596 0.036415
1 0.598545 0.792906 0.054233 0.034681
1 0.374118 0.829321 0.027778 0.038149
1 0.414683 0.829610 0.056878 0.034103
1 0.472663 0.828454 0.061728 0.032947
1 0.520503 0.827587 0.033951 0.038149
1 0.554453 0.829610 0.033951 0.034103
1 0.600529 0.826431 0.055556 0.032369
1 0.643739 0.826431 0.029101 0.032369
1 0.642196 0.792906 0.029541 0.034681
1 0.642196 0.758515 0.032187 0.034103
1 0.671737 0.757648 0.035714 0.035837
1 0.673280 0.791172 0.035273 0.034681
1 0.673942 0.825564 0.036596 0.034103
1 0.701720 0.719210 0.027778 0.036415
1 0.731041 0.720366 0.030864 0.038727
1 0.772046 0.720366 0.053792 0.038727
1 0.826720 0.719210 0.055556 0.036415
1 0.866843 0.716320 0.024691 0.034103
1 0.896384 0.718343 0.038801 0.038149
1 0.703483 0.754757 0.029541 0.034681
1 0.732143 0.755624 0.033951 0.036415
1 0.772487 0.755624 0.055556 0.036415
1 0.826279 0.752734 0.055556 0.034103
1 0.866402 0.753312 0.027337 0.036415
1 0.897266 0.751578 0.037037 0.036415
1 0.703704 0.790016 0.029101 0.036993
1 0.731261 0.790305 0.032187 0.036415
1 0.772928 0.789727 0.053792 0.036415
1 0.826940 0.787993 0.054233 0.032947
1 0.867063 0.786837 0.026014 0.034103
1 0.897928 0.787993 0.035714 0.036415
1 0.705026 0.824408 0.026455 0.036415
1 0.732143 0.823252 0.031305 0.034103
1 0.774030 0.823541 0.052469 0.034681
1 0.827160 0.822096 0.057319 0.036415
1 0.867725 0.821517 0.024691 0.034103
1 0.897928 0.819205 0.035714 0.034103
2 0.062068 0.860231 0.055759 0.035748
2 0.118437 0.862099 0.056980 0.039482
2 0.179894 0.862899 0.064306 0.041083
2 0.240537 0.863699 0.056980 0.037348
2 0.063696 0.895445 0.054131 0.033613
2 0.118234 0.897580 0.059829 0.033613
2 0.179284 0.898380 0.071225 0.035214
2 0.241148 0.899447 0.058201 0.037348
2 0.063085 0.929326 0.052910 0.037348
2 0.116606 0.932260 0.056573 0.035748
2 0.179894 0.929326 0.070004 0.034147
2 0.239927 0.931993 0.055759 0.035214
2 0.063085 0.964806 0.052910 0.033613
2 0.118030 0.964806 0.056980 0.033613
2 0.180098 0.966674 0.069597 0.037348
2 0.240537 0.965874 0.056980 0.038949
2 0.282865 0.861298 0.030932 0.035748
2 0.312169 0.862099 0.032560 0.037348
2 0.344119 0.862899 0.033781 0.035748
2 0.373423 0.863966 0.029711 0.036815
2 0.415344 0.864766 0.057387 0.035214
2 0.473138 0.863166 0.061457 0.035214
2 0.283069 0.896779 0.031339 0.035214
2 0.312780 0.897313 0.033781 0.037348
2 0.344729 0.897846 0.035816 0.037348
2 0.374847 0.894912 0.026862 0.038949
2 0.416158 0.898380 0.058201 0.035214
2 0.473138 0.897580 0.058201 0.033613
2 0.282255 0.931193 0.029711 0.036815
2 0.313594 0.931460 0.035409 0.037348
2 0.345543 0.931993 0.030932 0.035214
2 0.374847 0.932260 0.026862 0.035748
2 0.416158 0.931993 0.058201 0.035214
2 0.473748 0.931193 0.059422 0.033613
2 0.283069 0.966674 0.031339 0.037348
2 0.312780 0.965874 0.033781 0.035748
2 0.344933 0.966674 0.032967 0.037348
2 0.374033 0.966674 0.028490 0.037348
2 0.416158 0.966941 0.055759 0.033613
2 0.473138 0.965607 0.058201 0.035214
2 0.520147 0.863699 0.035816 0.037348
2 0.520147 0.899180 0.035816 0.033613
2 0.520147 0.932794 0.038258 0.033613
2 0.520757 0.966674 0.034595 0.037348
2 0.553521 0.860765 0.034188 0.038949
2 0.555759 0.897580 0.035409 0.033613
2 0.556370 0.930926 0.034188 0.037348
2 0.554945 0.964540 0.034595 0.034147
2 0.601954 0.898380 0.053724 0.035214
2 0.601140 0.932794 0.055352 0.033613
2 0.600529 0.965607 0.056573 0.035214
2 0.599308 0.859964 0.059829 0.037348
2 0.643264 0.859964 0.031339 0.037348
2 0.643264 0.896512 0.031339 0.035748
2 0.642450 0.930926 0.029711 0.033080
2 0.643264 0.964273 0.031339 0.033613
2 0.676028 0.859964 0.034188 0.037348
2 0.676028 0.895445 0.034188 0.033613
2 0.676842 0.930659 0.035816 0.033613
2 0.677452 0.963473 0.037037 0.032013
2 0.705535 0.859164 0.024013 0.035748
2 0.732601 0.857830 0.030118 0.037348
2 0.774522 0.857297 0.051282 0.035214
2 0.827228 0.857297 0.054131 0.035214
2 0.867928 0.855429 0.027269 0.035748
2 0.898453 0.854362 0.037037 0.033613
1 0.706349 0.893578 0.025641 0.033080
1 0.733008 0.892778 0.028490 0.035748
1 0.773708 0.892778 0.052910 0.035748
2 0.829467 0.890643 0.055352 0.031479
2 0.868539 0.891711 0.028490 0.033613
2 0.900692 0.887976 0.035816 0.033613
1 0.707570 0.928258 0.025641 0.035214
1 0.735246 0.926925 0.027269 0.033613
1 0.774522 0.927191 0.054538 0.034147
1 0.829263 0.924524 0.055759 0.035214
1 0.869353 0.924524 0.026862 0.035214
1 0.899674 0.921589 0.037037 0.033613
2 0.707570 0.962672 0.025641 0.033613
2 0.733211 0.961872 0.031339 0.035214
2 0.775946 0.960805 0.054131 0.033080
2 0.829263 0.959738 0.055759 0.032013
2 0.869353 0.960005 0.026862 0.031479
2 0.901302 0.958137 0.037037 0.032013
1 0.942206 0.715907 0.049654 0.033080
1 0.980057 0.716707 0.028490 0.035748
1 0.942206 0.748720 0.052910 0.038949
1 0.980260 0.752188 0.025641 0.035214
1 0.943020 0.785001 0.053724 0.033613
1 0.942409 0.820215 0.052503 0.033613
1 0.981481 0.784201 0.028897 0.035214
1 0.980667 0.818615 0.027269 0.037882
2 0.944444 0.853295 0.054131 0.035748
2 0.982092 0.853295 0.026862 0.038949
2 0.945258 0.886909 0.052503 0.031479
2 0.982295 0.885308 0.027269 0.031479
1 0.943834 0.921589 0.052910 0.033613
1 0.983516 0.920789 0.024013 0.035214
2 0.945258 0.957337 0.052503 0.033613
2 0.984330 0.956270 0.025641 0.031479
1 0.985755 0.985882 0.028490 0.027744
1 0.945258 0.985882 0.052503 0.027744
1 0.901709 0.987749 0.037037 0.024010
1 0.868946 0.986148 0.028490 0.024010
1 0.827025 0.986949 0.058608 0.025610
1 0.774115 0.988016 0.055352 0.020275
1 0.734025 0.989350 0.029711 0.018674
1 0.706349 0.988016 0.028083 0.020275
1 0.675214 0.989083 0.039886 0.018141
1 0.643875 0.989083 0.028490 0.018141