0 0.223856 0.670327 0.016340 0.027540
0 0.249767 0.671551 0.022409 0.021420
0 0.303688 0.670633 0.022876 0.023256
0 0.282446 0.671857 0.013072 0.017136
0 0.283380 0.690829 0.017740 0.017136
0 0.323996 0.671551 0.014939 0.021420
0 0.338936 0.672469 0.017740 0.023256
0 0.355976 0.672469 0.019141 0.023256
0 0.376284 0.672469 0.021475 0.023256
0 0.302054 0.692053 0.019608 0.019584
0 0.322596 0.693277 0.017740 0.017136
0 0.338235 0.693889 0.016340 0.023256
0 0.355042 0.692971 0.021008 0.025092
0 0.377918 0.693889 0.024743 0.019584
2 0.025444 0.729080 0.034080 0.036109
2 0.066293 0.729080 0.054155 0.041005
2 0.118581 0.729080 0.056956 0.036109
2 0.178105 0.726938 0.068627 0.036721
2 0.236928 0.727856 0.059290 0.038557
2 0.021242 0.762434 0.032213 0.034273
2 0.063025 0.763658 0.056956 0.040393
2 0.117647 0.764576 0.062558 0.043453
2 0.178805 0.762434 0.070028 0.037945
2 0.237862 0.763658 0.060224 0.040393
2 0.021242 0.797931 0.033147 0.036721
2 0.062092 0.793953 0.058824 0.044677
2 0.114379 0.797013 0.058824 0.038557
2 0.178105 0.795789 0.068627 0.041005
2 0.239496 0.798237 0.060691 0.044677
2 0.280112 0.727550 0.037348 0.040393
2 0.279412 0.762434 0.035948 0.042841
2 0.281046 0.795177 0.032680 0.038557
2 0.019608 0.831285 0.039216 0.038557
2 0.061158 0.830061 0.056956 0.036109
2 0.115079 0.831285 0.063959 0.038557
2 0.178805 0.829449 0.073763 0.038557
2 0.237862 0.829143 0.063959 0.039169
2 0.281046 0.829143 0.032680 0.042841
2 0.019608 0.861274 0.039216 0.034885
1 0.063492 0.863722 0.052288 0.038557
1 0.116713 0.865558 0.060691 0.038557
1 0.177171 0.865558 0.073296 0.038557
1 0.239496 0.864640 0.056956 0.036721
1 0.281979 0.866476 0.030812 0.040393
1 0.062792 0.898607 0.053688 0.041005
1 0.115313 0.898607 0.063492 0.041005
1 0.178105 0.900749 0.071429 0.040393
1 0.241597 0.898913 0.055556 0.040393
1 0.281046 0.899831 0.032680 0.042229
1 0.062792 0.931961 0.053688 0.042841
1 0.116013 0.934103 0.068627 0.042229
1 0.180439 0.933185 0.070495 0.045289
1 0.241830 0.932879 0.058824 0.041005
1 0.281046 0.934103 0.032680 0.038557
1 0.063492 0.965010 0.052288 0.040393
1 0.115079 0.965010 0.060224 0.045289
1 0.177871 0.968376 0.071895 0.038557
1 0.239496 0.969294 0.060691 0.040393
1 0.280345 0.966234 0.034080 0.042841
2 0.313025 0.725408 0.034080 0.044677
2 0.344538 0.725102 0.030812 0.045289
2 0.372316 0.724184 0.027544 0.042229
2 0.414799 0.726326 0.060224 0.042841
2 0.470121 0.726326 0.063492 0.042841
0 0.525444 0.727244 0.018207 0.018972
2 0.312558 0.760598 0.034080 0.034273
2 0.342904 0.761822 0.035948 0.036721
2 0.373249 0.760292 0.034080 0.038557
2 0.413399 0.760904 0.062092 0.038557
2 0.471522 0.760598 0.063492 0.039169
2 0.518674 0.758456 0.041083 0.042229
2 0.552288 0.757232 0.042017 0.041005
2 0.311858 0.795789 0.039216 0.041005
2 0.343137 0.794871 0.039216 0.039169
2 0.372549 0.794565 0.035481 0.038557
2 0.414332 0.795177 0.063959 0.038557
2 0.470588 0.794871 0.065359 0.042841
2 0.517274 0.793035 0.043884 0.042841
2 0.312092 0.830367 0.035948 0.040393
2 0.345472 0.829143 0.037348 0.037945
2 0.372549 0.831285 0.035481 0.042229
2 0.415733 0.832203 0.060224 0.040393
2 0.471289 0.832203 0.066760 0.031824
2 0.520542 0.828225 0.041083 0.036109
1 0.313492 0.865558 0.035948 0.038557
1 0.345238 0.863416 0.037815 0.039169
1 0.375584 0.865558 0.032213 0.038557
1 0.415733 0.865558 0.060224 0.034885
1 0.473623 0.863110 0.062092 0.038557
1 0.520075 0.863416 0.037348 0.039169
1 0.313492 0.901055 0.035948 0.041005
1 0.345238 0.897994 0.034080 0.038557
1 0.372082 0.899831 0.032680 0.038557
1 0.414799 0.900749 0.058357 0.040393
1 0.473389 0.898913 0.065359 0.040393
1 0.519141 0.901055 0.039216 0.044677
1 0.313492 0.934103 0.035948 0.038557
1 0.344538 0.934103 0.039216 0.038557
1 0.373950 0.931961 0.032680 0.042841
1 0.416433 0.933185 0.058824 0.040393
1 0.472689 0.932879 0.063959 0.036109
1 0.519374 0.931043 0.038749 0.032437
1 0.315126 0.967458 0.039216 0.040393
1 0.347806 0.968376 0.032680 0.038557
1 0.373950 0.969294 0.028945 0.040393
1 0.414799 0.970518 0.059290 0.042841
1 0.473623 0.967152 0.062092 0.041005
1 0.521942 0.964092 0.034547 0.033661
2 0.605742 0.758456 0.045285 0.038557
2 0.641923 0.758456 0.030812 0.038557
1 0.700047 0.688381 0.029412 0.023256
1 0.728758 0.690829 0.030812 0.028152
1 0.803688 0.686239 0.021008 0.018972
2 0.672969 0.757844 0.034080 0.038557
2 0.701914 0.754784 0.029412 0.041005
2 0.729458 0.753866 0.035948 0.042841
2 0.771242 0.753560 0.054155 0.038557
2 0.822596 0.753866 0.058824 0.042841
2 0.607610 0.795483 0.044351 0.040393
2 0.643557 0.794565 0.031279 0.029988
2 0.672969 0.793647 0.031279 0.036721
2 0.702381 0.791199 0.034080 0.036721
2 0.732726 0.790281 0.033147 0.038557
2 0.771242 0.789363 0.054155 0.040393
2 0.822829 0.788139 0.055556 0.034273
2 0.610177 0.827613 0.039216 0.032437
2 0.641223 0.825471 0.029412 0.036721
2 0.672969 0.828531 0.037815 0.034273
2 0.719888 0.826695 0.058824 0.037945
2 0.774977 0.824553 0.052288 0.038557
2 0.825864 0.821493 0.055089 0.032437
1 0.611111 0.863416 0.037348 0.040393
1 0.643557 0.861274 0.034080 0.041005
1 0.673903 0.859132 0.035948 0.040393
1 0.718721 0.859132 0.060224 0.036721
1 0.774510 0.859438 0.056956 0.036109
1 0.826797 0.856072 0.060691 0.039169
1 0.603641 0.897076 0.052288 0.042841
1 0.643557 0.895852 0.034080 0.040393
1 0.674837 0.893710 0.037815 0.036109
2 0.718954 0.892792 0.056956 0.034273
2 0.775910 0.891262 0.056956 0.036109
2 0.832400 0.892486 0.058824 0.038557
1 0.604575 0.931961 0.050420 0.040393
1 0.642157 0.928901 0.031279 0.039169
1 0.674603 0.928595 0.037348 0.038557
2 0.720588 0.927677 0.060224 0.036721
2 0.777778 0.925535 0.060691 0.041005
2 0.831466 0.924617 0.056956 0.034273
1 0.605275 0.965316 0.049020 0.034885
1 0.661531 0.964398 0.067227 0.036721
1 0.720355 0.962255 0.063492 0.036109
1 0.775910 0.960113 0.056956 0.036721
1 0.830766 0.957971 0.058357 0.036109
2 0.864613 0.751724 0.026144 0.038557
2 0.896592 0.749888 0.037815 0.038557
2 0.952848 0.748970 0.032680 0.040393
2 0.983894 0.746828 0.029412 0.044677
2 0.865546 0.788445 0.030812 0.034885
2 0.897292 0.787527 0.036415 0.036721
2 0.952148 0.787221 0.034080 0.041005
2 0.982960 0.786303 0.034080 0.047737
2 0.866246 0.820575 0.029412 0.034273
2 0.897993 0.819351 0.037815 0.031824
2 0.953782 0.820575 0.030812 0.029376
2 0.983193 0.821799 0.030812 0.028152
1 0.870448 0.854848 0.027544 0.034273
1 0.898926 0.853624 0.035948 0.040393
1 0.955182 0.852706 0.030812 0.033661
1 0.983894 0.851482 0.029412 0.032437
2 0.871148 0.890038 0.026144 0.032437
2 0.898926 0.889120 0.038749 0.034273
2 0.956116 0.885754 0.029879 0.032437
2 0.984827 0.884836 0.027544 0.034273
2 0.872082 0.923393 0.024276 0.034273
2 0.900560 0.921251 0.039216 0.038557
2 0.955182 0.918191 0.030812 0.036109
2 0.983894 0.917885 0.029412 0.040393
1 0.870448 0.957665 0.027544 0.037945
1 0.899627 0.955523 0.037348 0.038557
1 0.946078 0.952157 0.055556 0.040393
1 0.984127 0.952157 0.026144 0.036721