2 0.150482 0.365880 0.185446 0.050383
2 0.331155 0.368750 0.167720 0.044643
1 0.156618 0.407015 0.178628 0.030612
1 0.334564 0.413074 0.185446 0.041454
1 0.491375 0.416901 0.125449 0.038903
2 0.488648 0.376403 0.141812 0.036990
2 0.590916 0.384375 0.065452 0.035077
2 0.697275 0.387245 0.141812 0.035714
2 0.851359 0.391390 0.149993 0.037628
1 0.590916 0.421684 0.068179 0.036990
1 0.703411 0.425191 0.148630 0.038903
1 0.854768 0.430931 0.151357 0.041454
1 0.175708 0.939860 0.181355 0.038903
1 0.349564 0.937309 0.160902 0.036352
1 0.489330 0.936033 0.121358 0.036352
1 0.597052 0.934758 0.085905 0.036352
1 0.709547 0.932526 0.141812 0.034439
1 0.859540 0.929018 0.152720 0.033801
2 0.153891 0.443878 0.170447 0.040816
2 0.331155 0.454082 0.173174 0.040816
2 0.483876 0.455995 0.129540 0.039541
2 0.586826 0.458865 0.065452 0.033801
2 0.700684 0.463329 0.151357 0.035077
2 0.852041 0.469388 0.143175 0.033163
2 0.156618 0.484694 0.178628 0.035714
2 0.334564 0.492028 0.171810 0.038903
2 0.482512 0.494579 0.121358 0.036352
2 0.588189 0.497768 0.084542 0.040179
2 0.702048 0.500319 0.140448 0.038903
2 0.848632 0.506059 0.141812 0.035077
2 0.155254 0.523852 0.170447 0.039541
2 0.329110 0.530867 0.166356 0.036990
2 0.480467 0.532143 0.125449 0.036990
2 0.588189 0.535651 0.081814 0.031250
2 0.702729 0.539158 0.139085 0.036990
2 0.847950 0.542666 0.143175 0.035077
2 0.152527 0.563712 0.162265 0.037628
2 0.329110 0.568176 0.177265 0.036352
2 0.480467 0.570408 0.119995 0.035714
2 0.586826 0.569770 0.084542 0.034439
2 0.705457 0.574872 0.144539 0.035714
2 0.849995 0.578380 0.144539 0.035077
1 0.150482 0.600383 0.174538 0.033163
1 0.331837 0.604847 0.179992 0.039541
1 0.483876 0.606122 0.121358 0.039541
1 0.590235 0.607398 0.088632 0.038265
1 0.707502 0.610268 0.143175 0.037628
1 0.854086 0.613776 0.147266 0.035714
1 0.154573 0.636735 0.171810 0.036990
1 0.331837 0.640242 0.182719 0.037628
1 0.485921 0.644069 0.128176 0.035077
1 0.591598 0.644388 0.077724 0.035714
1 0.710229 0.645982 0.151357 0.037628
1 0.859540 0.647895 0.144539 0.035077
1 0.154573 0.675319 0.177265 0.040179
1 0.335246 0.676913 0.186810 0.039541
1 0.489330 0.680740 0.124085 0.038265
1 0.594325 0.681696 0.083178 0.037628
1 0.715683 0.683929 0.154084 0.038265
1 0.864995 0.684566 0.139085 0.036990
1 0.157981 0.715497 0.186810 0.037628
1 0.340019 0.715816 0.174538 0.036990
1 0.489330 0.718367 0.126812 0.035714
1 0.594325 0.719324 0.077724 0.032526
1 0.711593 0.719643 0.156811 0.033163
1 0.864995 0.719643 0.141812 0.033163
1 0.161390 0.752041 0.185446 0.034439
1 0.342746 0.751722 0.177265 0.036352
1 0.498193 0.753316 0.128176 0.034439
1 0.597052 0.752360 0.074997 0.035077
1 0.716365 0.753954 0.160902 0.036990
1 0.863631 0.752679 0.133630 0.034439
0 0.167526 0.791390 0.186810 0.042730
0 0.178435 0.902041 0.197718 0.035714
0 0.180480 0.864094 0.201809 0.036352
0 0.361154 0.865370 0.148630 0.036352
0 0.359790 0.899171 0.162265 0.033801
0 0.498193 0.898852 0.114540 0.035714
0 0.493421 0.864094 0.110450 0.035077
1 0.593643 0.897895 0.073633 0.035077
1 0.591598 0.862181 0.077724 0.033801
1 0.179799 0.829337 0.203173 0.033163
1 0.348200 0.791071 0.171810 0.038265
1 0.360472 0.827742 0.158175 0.036352
1 0.495466 0.791390 0.122722 0.040179
1 0.496830 0.827105 0.114540 0.032526
1 0.597052 0.791071 0.072269 0.038265
1 0.597052 0.827423 0.080451 0.031888
1 0.714320 0.790115 0.162265 0.035077
1 0.862949 0.789477 0.137721 0.036352
1 0.715002 0.825829 0.158175 0.036352
0 0.863631 0.825191 0.141812 0.031250
0 0.712956 0.861543 0.162265 0.035077
0 0.863631 0.860268 0.133630 0.033801
0 0.712274 0.896301 0.160902 0.034439
0 0.860222 0.896301 0.129540 0.034439