2 0.169643 0.087265 0.048701 0.072587
2 0.221591 0.088953 0.048701 0.089468
2 0.279627 0.088953 0.059253 0.086092
2 0.358766 0.088953 0.103896 0.092844
2 0.584416 0.088953 0.107143 0.089468
2 0.695617 0.090641 0.118506 0.092844
2 0.775974 0.085576 0.068182 0.092844
2 0.156656 0.176733 0.051948 0.089468
2 0.139205 0.270421 0.052760 0.101285
2 0.124188 0.363266 0.051948 0.097909
2 0.210227 0.175889 0.055195 0.081028
2 0.196429 0.259449 0.061688 0.092844
2 0.181006 0.360733 0.060065 0.109725
2 0.268263 0.181797 0.062500 0.092844
2 0.351867 0.178421 0.101461 0.089468
2 0.257711 0.270421 0.068994 0.108037
2 0.245130 0.359045 0.071429 0.102973
2 0.339286 0.363266 0.107143 0.101285
2 0.344156 0.269577 0.105519 0.092844
2 0.586851 0.181797 0.116883 0.082716
2 0.593750 0.272109 0.122565 0.097909
2 0.593344 0.375926 0.128247 0.109725
2 0.702516 0.183485 0.119318 0.092844
2 0.709416 0.272953 0.133117 0.106349
2 0.718750 0.378458 0.133929 0.104661
2 0.784497 0.179265 0.068994 0.087780
2 0.798295 0.273797 0.073864 0.101285
2 0.810065 0.379302 0.081169 0.106349
2 0.844968 0.175889 0.073052 0.091156
2 0.903409 0.177577 0.074675 0.081028
2 0.863636 0.281394 0.082792 0.099597
2 0.922890 0.273797 0.073052 0.111413
2 0.881088 0.386899 0.086851 0.114789
2 0.949675 0.380146 0.082792 0.114789
1 0.104708 0.462862 0.064935 0.118166
1 0.168831 0.463706 0.068182 0.113101
1 0.231737 0.468771 0.075487 0.119854
1 0.327922 0.472147 0.115260 0.123230
1 0.084416 0.580184 0.077922 0.136734
1 0.151380 0.583560 0.073864 0.136734
1 0.221591 0.581872 0.077922 0.136734
1 0.319399 0.591156 0.130682 0.145175
1 0.435877 0.091485 0.058442 0.091156
1 0.495536 0.088109 0.068994 0.091156
1 0.429383 0.174201 0.066558 0.091156
1 0.501218 0.175045 0.067370 0.092844
1 0.429789 0.272953 0.072240 0.096221
1 0.424919 0.367486 0.070617 0.109725
1 0.506494 0.267889 0.060065 0.099597
1 0.500406 0.368330 0.064123 0.108037
1 0.427760 0.471303 0.079545 0.118166
1 0.503653 0.472147 0.064123 0.116477
1 0.420860 0.588624 0.078734 0.150239
1 0.503247 0.603817 0.071429 0.143487
1 0.603490 0.490716 0.138799 0.113101
1 0.607143 0.607193 0.144481 0.143487
1 0.734578 0.490716 0.146104 0.123230
1 0.742289 0.611413 0.153409 0.151927
1 0.831575 0.492404 0.090097 0.123230
1 0.845373 0.617322 0.088474 0.143487
1 0.904627 0.501688 0.083604 0.111413
1 0.927354 0.629982 0.091721 0.135046
1 0.412338 0.769249 0.073052 0.211010
1 0.497565 0.776001 0.092532 0.211010