2 0.085982 0.081342 0.025123 0.068024
2 0.079573 0.150217 0.032814 0.073126
2 0.071114 0.229296 0.031276 0.068024
2 0.062654 0.315176 0.032814 0.083330
2 0.055219 0.393405 0.034352 0.069725
2 0.109055 0.086444 0.019996 0.074827
2 0.101620 0.157870 0.021534 0.078228
2 0.093929 0.232697 0.019483 0.078228
2 0.087777 0.309224 0.019483 0.074827
2 0.143150 0.079642 0.044094 0.061222
2 0.137767 0.161271 0.047683 0.071426
2 0.131358 0.234397 0.049221 0.074827
2 0.125205 0.310075 0.049221 0.076528
2 0.184680 0.078791 0.032814 0.062923
2 0.179553 0.152768 0.033839 0.074827
2 0.174169 0.225044 0.031276 0.069725
2 0.169555 0.306673 0.031276 0.079929
2 0.210829 0.075390 0.020509 0.059521
2 0.207752 0.154469 0.020509 0.074827
2 0.202881 0.230146 0.022047 0.079929
2 0.197498 0.302422 0.019483 0.074827
2 0.246975 0.080492 0.044606 0.073126
2 0.243130 0.150217 0.047170 0.076528
2 0.239284 0.232697 0.045632 0.078228
2 0.234926 0.309224 0.046144 0.074827
2 0.293119 0.082193 0.041530 0.076528
2 0.291325 0.156169 0.045119 0.074827
2 0.286198 0.229296 0.047170 0.074827
2 0.283634 0.305823 0.047170 0.068024
2 0.327728 0.074540 0.023585 0.068024
2 0.326702 0.147666 0.025636 0.074827
2 0.323626 0.222493 0.026661 0.074827
2 0.321575 0.304973 0.023585 0.079929
2 0.352082 0.084744 0.023072 0.068024
2 0.350543 0.151918 0.022047 0.073126
2 0.349262 0.225044 0.023585 0.073126
2 0.347211 0.301572 0.025636 0.076528
2 0.377205 0.077941 0.028199 0.064623
2 0.375923 0.154469 0.029737 0.071426
2 0.373872 0.220793 0.027687 0.074827
2 0.374641 0.304122 0.027174 0.078228
2 0.403866 0.080492 0.024098 0.069725
2 0.402071 0.151918 0.024610 0.073126
2 0.402071 0.225894 0.024610 0.071426
2 0.400021 0.299871 0.025636 0.076528
2 0.440474 0.076241 0.047683 0.078228
2 0.439448 0.151918 0.047683 0.073126
2 0.438679 0.225044 0.046144 0.069725
2 0.438936 0.300721 0.050759 0.071426
2 0.477389 0.079642 0.028199 0.071426
2 0.477389 0.149367 0.028199 0.068024
2 0.478927 0.224194 0.029225 0.068024
2 0.479184 0.299021 0.028712 0.068024
2 0.479953 0.378099 0.030250 0.073126
2 0.478158 0.459728 0.030763 0.076528
2 0.479440 0.542208 0.032301 0.078228
2 0.480209 0.628939 0.030763 0.081629
2 0.480209 0.720772 0.031788 0.081629
2 0.510203 0.455477 0.030250 0.074827
2 0.552246 0.454627 0.051784 0.079929
2 0.601210 0.448674 0.047170 0.074827
2 0.637613 0.445273 0.023585 0.074827
2 0.662992 0.442722 0.028199 0.083330
2 0.509178 0.302422 0.030250 0.078228
2 0.548400 0.299021 0.050246 0.074827
2 0.598134 0.371297 0.045119 0.079929
2 0.595314 0.293919 0.045632 0.078228
2 0.633255 0.368746 0.021021 0.071426
2 0.658378 0.365344 0.023072 0.068024
2 0.630178 0.294769 0.018970 0.076528
2 0.655045 0.297320 0.023585 0.085031
2 0.507639 0.220793 0.027174 0.074827
2 0.547631 0.227595 0.048708 0.074827
2 0.595570 0.221643 0.044094 0.076528
2 0.628897 0.220793 0.020509 0.071426
2 0.652225 0.224194 0.022047 0.068024
2 0.507639 0.150217 0.029225 0.066324
2 0.547119 0.154469 0.048708 0.071426
2 0.593263 0.154469 0.044606 0.068024
2 0.626846 0.153618 0.020509 0.066324
2 0.649405 0.151918 0.020509 0.062923
2 0.506614 0.083043 0.028199 0.064623
2 0.545580 0.083893 0.047683 0.066324
2 0.590956 0.082193 0.043068 0.069725
2 0.623513 0.083893 0.016920 0.062923
2 0.645560 0.088145 0.021021 0.064623
2 0.318960 0.379800 0.029225 0.076528
2 0.281019 0.378099 0.051784 0.076528
2 0.436628 0.457178 0.051272 0.078228
2 0.397406 0.460579 0.027174 0.085031
2 0.368950 0.459728 0.028712 0.076528
2 0.692217 0.524692 0.022047 0.086731
2 0.686833 0.441362 0.023585 0.073126
2 0.683757 0.368236 0.025636 0.073126
2 0.707855 0.370786 0.022559 0.071426
2 0.712213 0.439661 0.027174 0.073126
2 0.716571 0.517889 0.025636 0.069725
2 0.741181 0.360583 0.044094 0.071426
2 0.745283 0.443913 0.048195 0.078228
2 0.750667 0.517889 0.049733 0.073126
2 0.782968 0.360583 0.050759 0.078228
2 0.789633 0.442212 0.050759 0.074827
2 0.794247 0.513638 0.047683 0.064623
2 0.817832 0.354631 0.028199 0.062923
2 0.823728 0.430308 0.028712 0.074827
2 0.831060 0.511937 0.032096 0.074827
2 0.848082 0.425206 0.033326 0.071426
2 0.842443 0.358032 0.019996 0.066324
2 0.857311 0.505985 0.027174 0.066324
2 0.879871 0.426056 0.043581 0.069725
2 0.870642 0.356331 0.034352 0.073126
2 0.901405 0.357182 0.019996 0.071426
2 0.923708 0.357182 0.020509 0.078228
2 0.909608 0.432859 0.021021 0.062923
2 0.930630 0.426056 0.024098 0.066324
2 0.888331 0.502584 0.041017 0.062923
2 0.916786 0.498332 0.027174 0.061222
2 0.938064 0.494081 0.025636 0.056120
2 0.842186 0.658190 0.032814 0.068024
2 0.848595 0.751723 0.032301 0.071426
2 0.938320 0.727915 0.028199 0.071426
2 0.192730 0.380990 0.017945 0.071426
1 0.048554 0.471123 0.039479 0.074827
1 0.080599 0.394595 0.019483 0.071426
1 0.119822 0.386942 0.050759 0.069725
1 0.114694 0.471123 0.047683 0.074827
1 0.074703 0.466871 0.024098 0.076528
1 0.162633 0.392044 0.036916 0.083330
1 0.155455 0.471973 0.042043 0.090132
1 0.188782 0.461769 0.025636 0.086731
1 0.182629 0.553602 0.024610 0.100336
1 0.150841 0.559554 0.043068 0.088432
1 0.104184 0.561255 0.058450 0.098635
1 0.066499 0.557003 0.035377 0.096935
1 0.038300 0.555303 0.038454 0.100336
1 0.032404 0.650537 0.035890 0.090132
1 0.027276 0.742370 0.036916 0.093534
1 0.020098 0.840155 0.037941 0.091833
1 0.057014 0.652238 0.023585 0.096935
1 0.050349 0.748322 0.022559 0.098635
1 0.042145 0.846958 0.021534 0.102037
1 0.097262 0.654789 0.057937 0.102037
1 0.086239 0.750023 0.061526 0.098635
1 0.080855 0.846107 0.066140 0.110540
1 0.143406 0.646285 0.039479 0.098635
1 0.134690 0.742370 0.039479 0.096935
1 0.128025 0.841856 0.041530 0.102037
1 0.173913 0.644585 0.027687 0.095234
1 0.167760 0.740669 0.031788 0.110540
1 0.162633 0.842706 0.030763 0.110540
1 0.228620 0.384391 0.050759 0.095234
1 0.225287 0.466021 0.057424 0.098635
1 0.221698 0.561255 0.058450 0.105438
1 0.216571 0.647136 0.061526 0.096935
1 0.209649 0.740669 0.062039 0.110540
1 0.206317 0.835904 0.058450 0.096935
1 0.279122 0.463470 0.052297 0.093534
1 0.275790 0.558704 0.051784 0.090132
1 0.269381 0.642884 0.055373 0.095234
1 0.265023 0.727915 0.054861 0.095234
1 0.261177 0.829952 0.059475 0.112240
1 0.317063 0.462619 0.028712 0.091833
1 0.314243 0.554452 0.030250 0.088432
1 0.309629 0.636082 0.029225 0.095234
1 0.309116 0.733867 0.032301 0.093534
1 0.305783 0.827401 0.031788 0.100336
1 0.341673 0.459218 0.027687 0.098635
1 0.437039 0.371637 0.050246 0.079929
1 0.398841 0.370786 0.026148 0.078228
1 0.372949 0.379290 0.028712 0.081629
1 0.345263 0.371637 0.026661 0.076528
1 0.339879 0.548500 0.029225 0.090132
1 0.368847 0.546800 0.028712 0.086731
1 0.396790 0.547650 0.029225 0.088432
1 0.437808 0.545099 0.052810 0.093534
1 0.437039 0.637782 0.055373 0.088432
1 0.396021 0.641184 0.031788 0.098635
1 0.365002 0.636932 0.031276 0.093534
1 0.338854 0.640333 0.032301 0.090132
1 0.334752 0.738969 0.030250 0.107139
1 0.333726 0.832502 0.028199 0.096935
1 0.364746 0.728765 0.030763 0.090132
1 0.363977 0.824850 0.031276 0.098635
1 0.394227 0.728765 0.031276 0.086731
1 0.394227 0.826550 0.027174 0.091833
1 0.437039 0.730466 0.054348 0.086731
1 0.437039 0.827401 0.056399 0.096935
1 0.550349 0.375038 0.047170 0.073126
1 0.509588 0.380140 0.030250 0.083330
1 0.512151 0.544249 0.032301 0.081629
1 0.554194 0.537446 0.052810 0.074827
1 0.512920 0.630130 0.033839 0.079929
1 0.558039 0.623327 0.055373 0.079929
1 0.605722 0.530644 0.050246 0.071426
1 0.641356 0.531494 0.027174 0.076528
1 0.667760 0.528943 0.021534 0.068024
1 0.607516 0.614824 0.053835 0.079929
1 0.642637 0.613124 0.027687 0.076528
1 0.667504 0.610573 0.030250 0.081629
1 0.697395 0.606321 0.032814 0.076528
1 0.721237 0.599519 0.027174 0.076528
1 0.754307 0.596968 0.046144 0.068024
1 0.799426 0.592716 0.048195 0.076528
1 0.838392 0.596117 0.022559 0.079929
1 0.863515 0.582513 0.032814 0.086731
1 0.893253 0.574860 0.047170 0.071426
1 0.924016 0.574860 0.024610 0.064623
1 0.946062 0.572309 0.025636 0.066324
1 0.870180 0.664142 0.027687 0.073126
1 0.899918 0.660741 0.039992 0.083330
1 0.931194 0.661591 0.019483 0.078228
1 0.953753 0.653938 0.020509 0.073126
1 0.481235 0.810394 0.033839 0.090132
1 0.513279 0.713460 0.034352 0.083330
1 0.558398 0.709208 0.054861 0.081629
1 0.612490 0.708358 0.050246 0.086731
1 0.648893 0.697304 0.025636 0.081629
1 0.675297 0.691352 0.027174 0.069725
1 0.514817 0.809544 0.031276 0.085031
1 0.559167 0.801041 0.057424 0.091833
1 0.614541 0.794239 0.052297 0.081629
1 0.650687 0.789137 0.028199 0.085031
1 0.679143 0.780634 0.029737 0.095234
1 0.703804 0.687950 0.029225 0.079929
1 0.725851 0.686250 0.026148 0.083330
1 0.760459 0.676896 0.052297 0.081629
1 0.805322 0.678597 0.042555 0.078228
1 0.707137 0.776382 0.030763 0.083330
1 0.731747 0.772981 0.023585 0.076528
1 0.766356 0.766179 0.047683 0.083330
1 0.814295 0.765328 0.048195 0.078228
1 0.873667 0.740669 0.029737 0.066324
1 0.910582 0.741520 0.042043 0.081629
1 0.960829 0.722813 0.023585 0.074827