2 0.082704 0.386411 0.089840 0.227179
2 0.086062 0.593245 0.089840 0.200053
2 0.183879 0.383020 0.117548 0.220397
2 0.186398 0.591550 0.130982 0.183099
2 0.300588 0.374543 0.124265 0.244132
2 0.300168 0.591550 0.133501 0.203444
2 0.415617 0.342331 0.114190 0.206834
2 0.416457 0.564424 0.130982 0.196662
2 0.505038 0.347417 0.074727 0.196662
2 0.506297 0.533907 0.077246 0.230569
2 0.593199 0.318596 0.094878 0.179709
2 0.589840 0.498305 0.109992 0.172927
2 0.654912 0.313510 0.043661 0.196662
2 0.659950 0.498305 0.041982 0.172927
