2 0.149677 0.404084 0.097716 0.043317
2 0.148638 0.448639 0.099795 0.038366
2 0.147598 0.485149 0.097716 0.037129
2 0.146558 0.527228 0.095637 0.034653
2 0.150717 0.565594 0.112270 0.037129
2 0.145519 0.610149 0.097716 0.034653
2 0.148638 0.650990 0.091479 0.034653
2 0.148638 0.689356 0.087321 0.029703
2 0.147598 0.730817 0.106032 0.040842
2 0.146558 0.771040 0.099795 0.029703
2 0.148638 0.806931 0.099795 0.039604
2 0.240023 0.402790 0.092613 0.042754
2 0.240023 0.446107 0.081273 0.039379
2 0.240969 0.484361 0.075602 0.037129
2 0.236243 0.524302 0.073712 0.040504
2 0.239078 0.563681 0.075602 0.038254
2 0.236243 0.606436 0.073712 0.038254
2 0.231518 0.645252 0.079383 0.037129
2 0.233408 0.686319 0.075602 0.040504
2 0.232463 0.727948 0.073712 0.040504
2 0.236243 0.766764 0.077493 0.037129
2 0.238133 0.807831 0.077493 0.040504
2 0.352482 0.399415 0.128524 0.045005
2 0.465886 0.401665 0.102063 0.049505
2 0.590630 0.398852 0.147425 0.048380
2 0.720099 0.402228 0.107734 0.046130
2 0.828778 0.400540 0.094503 0.047255
2 0.352482 0.443294 0.132304 0.042754
2 0.467776 0.444982 0.090723 0.037129
2 0.584960 0.443294 0.139865 0.042754
2 0.717264 0.443857 0.105843 0.037129
2 0.821217 0.443294 0.102063 0.040504
2 0.349647 0.484923 0.126634 0.040504
2 0.465886 0.483798 0.094503 0.040504
2 0.588740 0.486049 0.136084 0.040504
2 0.714429 0.486049 0.107734 0.038254
2 0.822162 0.484923 0.096393 0.040504
2 0.343032 0.525428 0.136084 0.040504
2 0.464941 0.525428 0.096393 0.038254
2 0.590630 0.525428 0.143645 0.042754
2 0.713484 0.525990 0.102063 0.039379
2 0.820272 0.525990 0.096393 0.037129
2 0.346812 0.566494 0.132304 0.041629
2 0.462106 0.564806 0.094503 0.040504
2 0.587795 0.567619 0.141755 0.039379
2 0.716319 0.567619 0.096393 0.034878
2 0.813657 0.566494 0.105843 0.041629
2 0.342087 0.605873 0.130414 0.032628
2 0.461161 0.605311 0.096393 0.038254
2 0.583070 0.602498 0.143645 0.041629
2 0.705924 0.605873 0.098283 0.037129
2 0.814602 0.606998 0.115294 0.034878
2 0.347757 0.644689 0.130414 0.038254
2 0.464941 0.646940 0.092613 0.033753
2 0.584015 0.647502 0.130414 0.032628
2 0.705924 0.649752 0.098283 0.037129
2 0.811767 0.649752 0.105843 0.041629
2 0.344922 0.686881 0.136084 0.041629
2 0.343977 0.727385 0.134194 0.032628
2 0.343977 0.763389 0.126634 0.034878
2 0.344922 0.806706 0.132304 0.040504
2 0.468721 0.684631 0.096393 0.039379
2 0.455490 0.727385 0.096393 0.037129
2 0.457381 0.768452 0.088833 0.031503
2 0.458326 0.806143 0.094503 0.034878
2 0.583070 0.688006 0.132304 0.039379
2 0.578344 0.726823 0.137974 0.040504
2 0.582125 0.767327 0.141755 0.038254
2 0.584015 0.808393 0.141755 0.037129
2 0.702144 0.688006 0.113404 0.043879
2 0.700253 0.732448 0.117184 0.038254
2 0.700253 0.766202 0.109624 0.031503
2 0.708759 0.805581 0.107734 0.045005
2 0.811767 0.687444 0.109624 0.038254
2 0.808932 0.728510 0.100173 0.034878
2 0.807987 0.766764 0.109624 0.046130
2 0.807042 0.807831 0.100173 0.038254
1 0.149301 0.849460 0.100173 0.038254
1 0.239078 0.848897 0.075602 0.037129
1 0.349647 0.850023 0.130414 0.039379
1 0.463051 0.848335 0.085053 0.040504
1 0.582125 0.848897 0.145535 0.039379
1 0.705924 0.847772 0.098283 0.039379
1 0.806097 0.848335 0.109624 0.036004
1 0.150246 0.891089 0.102063 0.040504
1 0.238133 0.888276 0.073712 0.041629
1 0.347757 0.892214 0.126634 0.036004
1 0.459271 0.888839 0.092613 0.033753
1 0.581180 0.888276 0.139865 0.037129
1 0.704979 0.887151 0.100173 0.039379
1 0.807987 0.886589 0.109624 0.042754
1 0.153081 0.930468 0.103953 0.033753
1 0.242859 0.930468 0.068042 0.029253
1 0.348702 0.928780 0.128524 0.032628
1 0.458326 0.925968 0.094503 0.036004
1 0.578344 0.928780 0.137974 0.037129
1 0.699308 0.928780 0.115294 0.032628
1 0.810822 0.927655 0.096393 0.034878
1 0.154026 0.969847 0.102063 0.038254
1 0.242859 0.968159 0.064262 0.034878
1 0.349647 0.966472 0.130414 0.036004
1 0.457381 0.966472 0.085053 0.036004
1 0.578344 0.964221 0.141755 0.036004
1 0.703089 0.964221 0.096393 0.036004
1 0.803262 0.964784 0.107734 0.037129