2 0.275869 0.054847 0.110933 0.038265
2 0.372087 0.058673 0.126781 0.048469
2 0.473965 0.062500 0.126781 0.053571
2 0.616593 0.058673 0.163004 0.043367
2 0.449061 0.093112 0.117725 0.038265
2 0.468305 0.123087 0.160740 0.047194
2 0.467173 0.154337 0.149420 0.048469
2 0.460381 0.195153 0.144892 0.043367
2 0.467173 0.234694 0.158476 0.048469
2 0.450193 0.272321 0.169796 0.049745
2 0.449061 0.319515 0.149420 0.047194
2 0.437742 0.372449 0.163004 0.063776
2 0.432082 0.415179 0.160740 0.062500
2 0.434346 0.466199 0.183380 0.065051
2 0.423026 0.533163 0.183380 0.068878
2 0.426422 0.604592 0.172060 0.063776
2 0.421894 0.675383 0.208283 0.065051
2 0.409442 0.740434 0.219603 0.075255
1 0.360767 0.091837 0.131309 0.040816
1 0.257758 0.087372 0.133573 0.047194
1 0.355108 0.120536 0.119989 0.042092
1 0.262286 0.117347 0.124517 0.040816
1 0.351712 0.153699 0.140365 0.042092
1 0.249834 0.154974 0.122253 0.049745
1 0.344920 0.193878 0.135837 0.045918
1 0.235118 0.188138 0.110933 0.047194
1 0.338128 0.232143 0.140365 0.053571
1 0.235118 0.228316 0.129045 0.045918
1 0.330204 0.272959 0.133573 0.051020
1 0.204555 0.275510 0.158476 0.053571
1 0.335864 0.315051 0.158476 0.051020
1 0.215875 0.314413 0.167532 0.054847
1 0.326808 0.365434 0.190171 0.057398
1 0.188708 0.365434 0.153948 0.059949
1 0.307565 0.415816 0.178852 0.061224
1 0.168332 0.417092 0.158476 0.061224
1 0.296245 0.470663 0.178852 0.058673
1 0.159276 0.475765 0.163004 0.056122
1 0.283793 0.525510 0.176588 0.068878
1 0.128713 0.533801 0.169796 0.065051
1 0.277001 0.589286 0.190171 0.081633
1 0.119657 0.607143 0.187907 0.071429
1 0.254362 0.658801 0.194699 0.077806
1 0.107206 0.661352 0.176588 0.075255
1 0.240778 0.730230 0.172060 0.085459
1 0.115129 0.736607 0.178852 0.095663
1 0.582634 0.080357 0.117725 0.043367
1 0.756958 0.047832 0.122253 0.052296
1 0.675456 0.086735 0.108669 0.045918
1 0.768277 0.084821 0.099614 0.036990
1 0.629045 0.119260 0.183380 0.042092
1 0.759222 0.123724 0.090558 0.045918
1 0.632441 0.154974 0.172060 0.047194
1 0.762618 0.156888 0.106405 0.048469
1 0.627913 0.192602 0.194699 0.043367
1 0.776201 0.193240 0.110933 0.047194
1 0.623385 0.232143 0.199227 0.048469
1 0.778465 0.231505 0.110933 0.052296
1 0.629045 0.269133 0.215075 0.058673
1 0.793181 0.268495 0.126781 0.052296
1 0.622253 0.311862 0.228658 0.049745
1 0.802237 0.315051 0.117725 0.051020
1 0.624517 0.361607 0.246770 0.057398
1 0.803369 0.364796 0.119989 0.058673
1 0.627913 0.410077 0.239978 0.057398
1 0.793181 0.413903 0.149420 0.057398
1 0.619989 0.465561 0.264882 0.053571
1 0.812424 0.463648 0.151684 0.067602
1 0.625649 0.525510 0.267145 0.061224
1 0.823744 0.531250 0.147156 0.067602
1 0.629045 0.595026 0.260354 0.062500
1 0.829404 0.595663 0.135837 0.061224
1 0.642629 0.660077 0.255826 0.070153
1 0.838460 0.659439 0.149420 0.076531
1 0.640365 0.735969 0.278465 0.076531
1 0.841856 0.732781 0.187907 0.062500
2 0.078506 0.813138 0.157012 0.088010
2 0.244174 0.815051 0.187907 0.096939
2 0.413970 0.815051 0.187907 0.086735
2 0.659608 0.814413 0.280729 0.082908
2 0.875815 0.812500 0.165268 0.073980
2 0.073246 0.906888 0.117725 0.119898
2 0.240778 0.913903 0.221867 0.123724
2 0.407178 0.913903 0.210547 0.123724
2 0.660740 0.910714 0.301105 0.109694
2 0.891662 0.910714 0.187907 0.114796
