0 0.268461 0.031980 0.035887 0.050403
0 0.301587 0.030180 0.028986 0.046803
0 0.268461 0.084783 0.035887 0.055203
0 0.310904 0.079983 0.048999 0.055203
0 0.351967 0.080583 0.034507 0.054003
0 0.386818 0.080583 0.031056 0.054003
0 0.425466 0.078183 0.050380 0.051603
0 0.267081 0.136987 0.038647 0.058803
0 0.313320 0.135186 0.057971 0.055203
0 0.356798 0.133386 0.028986 0.058803
0 0.386818 0.132786 0.031056 0.057603
0 0.428226 0.132786 0.050380 0.057603
0 0.266046 0.187990 0.036577 0.050403
0 0.314355 0.186367 0.060041 0.053647
0 0.356798 0.187390 0.028986 0.051603
0 0.386818 0.186789 0.031056 0.050403
0 0.427881 0.182589 0.051070 0.058803
0 0.267753 0.243438 0.042607 0.060288
0 0.316625 0.242349 0.052632 0.058109
0 0.357352 0.239806 0.032164 0.058835
0 0.389724 0.238354 0.035088 0.055930
0 0.431287 0.239443 0.048037 0.058109
0 0.267126 0.298642 0.043860 0.053024
0 0.316625 0.297552 0.052632 0.050845
0 0.358814 0.294647 0.029240 0.050845
0 0.388889 0.295736 0.033417 0.053024
0 0.430660 0.295736 0.052632 0.053024
0 0.266291 0.349123 0.042189 0.053751
0 0.317251 0.347671 0.059733 0.050845
0 0.360485 0.346944 0.026734 0.053751
0 0.389098 0.348034 0.030493 0.050119
0 0.430660 0.346581 0.050125 0.058835
0 0.268379 0.401421 0.043860 0.050845
0 0.318713 0.400332 0.056809 0.053024
0 0.361111 0.399969 0.030493 0.053751
0 0.392648 0.399969 0.032581 0.047940
0 0.432331 0.395247 0.046784 0.053024
0 0.269215 0.455172 0.042189 0.055203
0 0.318922 0.458804 0.057226 0.063920
0 0.361738 0.452630 0.029240 0.055930
0 0.393901 0.457714 0.035088 0.060288
0 0.434419 0.450087 0.045113 0.050845
0 0.269841 0.508559 0.043442 0.055930
0 0.319340 0.511465 0.055556 0.045761
0 0.361738 0.508559 0.029240 0.055930
0 0.394110 0.511102 0.035505 0.050845
0 0.435046 0.507470 0.049708 0.068278
0 0.269006 0.563036 0.042607 0.053024
0 0.319549 0.567031 0.058480 0.065372
0 0.362573 0.560494 0.030911 0.047940
0 0.393901 0.565578 0.035088 0.063920
0 0.436508 0.560494 0.049290 0.047940
0 0.271303 0.618603 0.047201 0.050845
0 0.321220 0.618239 0.052632 0.045761
0 0.362782 0.614244 0.030493 0.047940
0 0.395572 0.614608 0.035088 0.042855
0 0.436508 0.614608 0.052632 0.063193
0 0.272974 0.669085 0.043860 0.055930
0 0.321220 0.671990 0.052632 0.066099
0 0.364035 0.667632 0.030493 0.053024
0 0.398496 0.667632 0.035088 0.073362
0 0.440058 0.669085 0.048037 0.045761
0 0.331245 0.722835 0.038429 0.035592
0 0.366332 0.716040 0.029240 0.042340
0 0.400585 0.718583 0.039265 0.037256
0 0.440267 0.721746 0.036759 0.058109
0 0.467210 0.074560 0.029657 0.047940
0 0.494152 0.071654 0.025063 0.047940
0 0.567251 0.072018 0.036759 0.053024
0 0.466374 0.129037 0.024645 0.050845
0 0.495614 0.125042 0.030493 0.048666
0 0.566625 0.122499 0.043860 0.047940
0 0.468672 0.178792 0.029240 0.053024
0 0.500000 0.178792 0.030911 0.053024
0 0.567251 0.173708 0.045113 0.053024
0 0.470760 0.236175 0.027569 0.055930
0 0.499582 0.237264 0.029240 0.058109
0 0.568087 0.231090 0.046784 0.055930
0 0.470969 0.289562 0.027987 0.055203
0 0.499582 0.288109 0.029240 0.047940
0 0.568922 0.284478 0.045113 0.046487
0 0.470969 0.343313 0.030493 0.050845
0 0.499373 0.340770 0.026316 0.050119
0 0.568087 0.333144 0.046784 0.050845
0 0.471596 0.396700 0.029240 0.055930
0 0.499373 0.397790 0.026316 0.053751
0 0.571637 0.390526 0.039683 0.053751
0 0.472222 0.450814 0.030493 0.050845
0 0.500835 0.453356 0.031746 0.055930
0 0.573099 0.450451 0.042607 0.066099
0 0.472431 0.504927 0.027569 0.053024
0 0.500835 0.505291 0.029240 0.047940
0 0.573308 0.503838 0.042189 0.040676
0 0.473058 0.557225 0.026316 0.051571
0 0.500835 0.559404 0.029240 0.055930
0 0.571846 0.552141 0.042607 0.055930
0 0.475146 0.612065 0.024645 0.047940
0 0.502297 0.614971 0.032164 0.053751
0 0.571846 0.608070 0.039265 0.050119
0 0.477444 0.663274 0.023392 0.053024
0 0.503759 0.666906 0.035088 0.060288
0 0.571846 0.662184 0.042607 0.050845
0 0.475982 0.714119 0.026316 0.042855
0 0.503759 0.712666 0.029240 0.039950
0 0.572473 0.714119 0.043860 0.053024
1 0.174400 0.846556 0.021571 0.074312
1 0.173789 0.909898 0.022792 0.046710
1 0.209605 0.844078 0.034188 0.069358
1 0.208588 0.906005 0.027269 0.054496
1 0.242165 0.842663 0.028490 0.072189
1 0.239316 0.909544 0.028490 0.057326
1 0.271062 0.842663 0.028490 0.072189
1 0.273911 0.908482 0.034188 0.069358
1 0.345340 0.843017 0.054131 0.071481
1 0.395401 0.844078 0.042735 0.069358
1 0.443834 0.842663 0.050875 0.066527
1 0.494302 0.839124 0.046805 0.069358
1 0.494302 0.912375 0.046805 0.077143
1 0.594424 0.829216 0.044363 0.069358
1 0.544567 0.835232 0.049654 0.067235
1 0.545991 0.907067 0.052503 0.072189
1 0.594424 0.908482 0.044363 0.084928
1 0.642857 0.906005 0.048433 0.074312
1 0.643468 0.830278 0.049654 0.071481
0 0.643061 0.164300 0.030118 0.047418
0 0.671551 0.164653 0.024420 0.052372
0 0.711233 0.164300 0.052503 0.047418
0 0.764957 0.160761 0.054131 0.050249
0 0.826007 0.159345 0.065527 0.047418
0 0.644485 0.211718 0.029711 0.047418
0 0.672365 0.210302 0.028490 0.044587
0 0.711233 0.209241 0.052503 0.042464
0 0.765975 0.207825 0.056980 0.045295
0 0.826618 0.205348 0.066748 0.044587
0 0.644485 0.254890 0.032967 0.044587
0 0.672365 0.254890 0.028490 0.044587
0 0.712047 0.252413 0.054131 0.043880
0 0.766178 0.250997 0.057387 0.046710
0 0.827432 0.249935 0.065120 0.044587
0 0.644485 0.299477 0.032967 0.044587
0 0.673586 0.300538 0.026048 0.042464
0 0.712861 0.298061 0.052503 0.041756
0 0.766178 0.295584 0.056573 0.046710
0 0.828856 0.293461 0.065527 0.042464
0 0.645096 0.341587 0.031746 0.045295
0 0.674400 0.341587 0.026862 0.045295
0 0.713675 0.340172 0.054131 0.046710
0 0.767603 0.338048 0.056980 0.042464
0 0.828653 0.335571 0.068376 0.041756
0 0.614571 0.384051 0.035816 0.043880
0 0.647334 0.385113 0.029711 0.041756
0 0.675010 0.385467 0.028897 0.046710
0 0.715507 0.383697 0.052910 0.044587
0 0.769638 0.383697 0.055352 0.044587
0 0.830281 0.381574 0.065120 0.044587
0 0.613757 0.430054 0.036630 0.046710
0 0.647945 0.427223 0.030932 0.046710
0 0.674400 0.426161 0.026862 0.044587
0 0.714896 0.426161 0.054131 0.044587
0 0.769638 0.424746 0.055352 0.041756
0 0.831095 0.421207 0.066748 0.040341
0 0.613757 0.475703 0.036630 0.044587
0 0.648759 0.474641 0.032560 0.042464
0 0.677249 0.472164 0.024420 0.047418
0 0.717135 0.471810 0.055352 0.042464
0 0.770452 0.469687 0.056980 0.046710
0 0.830891 0.464733 0.067155 0.046710
0 0.615385 0.516751 0.034188 0.041756
0 0.648759 0.516397 0.032560 0.046710
0 0.675824 0.518167 0.027269 0.044587
0 0.716931 0.518167 0.052503 0.044587
0 0.771266 0.516751 0.052910 0.041756
0 0.831095 0.511797 0.066748 0.041756
0 0.615792 0.560631 0.032560 0.044587
0 0.648555 0.560631 0.032967 0.044587
0 0.677249 0.560631 0.026862 0.044587
0 0.717745 0.559215 0.054131 0.041756
0 0.771266 0.560631 0.055352 0.044587
0 0.831705 0.554615 0.065527 0.042464
0 0.615995 0.605218 0.032967 0.044587
0 0.648555 0.605218 0.035409 0.044587
0 0.678470 0.603803 0.026862 0.041756
0 0.717135 0.603449 0.052910 0.046710
0 0.771876 0.602741 0.054131 0.039633
0 0.832519 0.599202 0.067155 0.042464
0 0.615995 0.649805 0.035409 0.040341
0 0.650590 0.648744 0.031339 0.042464
0 0.679284 0.649452 0.025234 0.049541
0 0.719170 0.646974 0.054538 0.044587
0 0.773911 0.646974 0.052503 0.044587
0 0.833944 0.645205 0.068376 0.042464
0 0.618030 0.696162 0.033781 0.049541
0 0.649573 0.693685 0.034188 0.048834
0 0.679284 0.695100 0.028490 0.051665
0 0.719170 0.693685 0.056980 0.048834
0 0.772690 0.693685 0.055759 0.048834
0 0.833944 0.690146 0.068376 0.047418
0 0.878917 0.158284 0.039479 0.043880
0 0.918803 0.157222 0.042735 0.047418
0 0.955230 0.156868 0.032560 0.046710
0 0.982906 0.155807 0.026048 0.044587
0 0.880342 0.202871 0.042328 0.043880
0 0.920024 0.203225 0.042735 0.044587
0 0.955230 0.201456 0.032560 0.046710
0 0.984941 0.200394 0.026862 0.044587
0 0.880342 0.247812 0.039886 0.044587
0 0.920228 0.246043 0.042328 0.046710
0 0.956654 0.244981 0.032967 0.048834
0 0.985755 0.243920 0.028490 0.046710
0 0.881766 0.289922 0.042735 0.043880
0 0.922263 0.289922 0.041514 0.049541
0 0.957265 0.288861 0.034188 0.047418
0 0.984941 0.287445 0.026862 0.044587
0 0.883191 0.333094 0.042328 0.046710
0 0.922263 0.333448 0.041514 0.047418
0 0.958486 0.333094 0.034188 0.046710
0 0.985755 0.332033 0.028490 0.048834
0 0.884412 0.379097 0.039886 0.049541
0 0.924501 0.379097 0.040293 0.043880
0 0.959300 0.376974 0.030118 0.049541
0 0.987179 0.378035 0.025641 0.041756
0 0.884615 0.422623 0.039479 0.041756
0 0.924298 0.422623 0.039886 0.041756
0 0.958689 0.421207 0.033781 0.044587
0 0.986365 0.421207 0.024013 0.044587
0 0.884005 0.465794 0.038258 0.044587
0 0.923891 0.465794 0.043956 0.048834
0 0.959300 0.464733 0.032560 0.042464
0 0.987179 0.464733 0.025641 0.042464
0 0.884005 0.511089 0.041514 0.044587
0 0.925112 0.509320 0.041514 0.046710
0 0.961538 0.507197 0.031339 0.046710
0 0.986365 0.508258 0.024013 0.044587
0 0.886243 0.552846 0.042735 0.044587
0 0.925112 0.555323 0.041514 0.049541
0 0.962352 0.553907 0.032967 0.042464
0 0.987993 0.551784 0.024013 0.042464
0 0.887464 0.597433 0.040293 0.044587
0 0.925112 0.598848 0.043956 0.047418
0 0.962149 0.597433 0.032560 0.044587
0 0.990028 0.596371 0.019943 0.046710
0 0.887464 0.640959 0.042735 0.046710
0 0.926536 0.642020 0.038665 0.044587
0 0.962963 0.639543 0.034188 0.045295
0 0.990028 0.642020 0.016687 0.048834
0 0.888278 0.687315 0.041107 0.044587
0 0.927961 0.684130 0.041514 0.039633
0 0.965201 0.684484 0.032967 0.044587
0 0.990842 0.685546 0.018315 0.046710
0 0.887464 0.729072 0.042735 0.044587
1 0.691799 0.895634 0.053792 0.069771
1 0.692460 0.827013 0.055115 0.072071
1 0.739418 0.828163 0.047619 0.069771
1 0.739638 0.896784 0.048060 0.072071
1 0.806324 0.899467 0.085311 0.083572
1 0.804453 0.825480 0.091270 0.075138
1 0.895238 0.825012 0.091610 0.079650
2 0.970068 0.820675 0.057143 0.070976