1 0.305206 0.359727 0.066331 0.151962
1 0.363140 0.386028 0.064652 0.122739
1 0.526029 0.473699 0.056255 0.175341
1 0.634341 0.520456 0.066331 0.187030
1 0.692695 0.529224 0.082284 0.151962
1 0.815281 0.505845 0.057095 0.151962
1 0.691436 0.670958 0.081444 0.166574
1 0.809404 0.687030 0.082284 0.163652
1 0.466415 0.612510 0.057935 0.143195
1 0.413518 0.600821 0.059614 0.143195
1 0.293451 0.539452 0.076406 0.154885
1 0.206129 0.435708 0.062972 0.122739
1 0.070109 0.356805 0.051217 0.111049
2 0.114610 0.386028 0.051217 0.134428
2 0.156171 0.415252 0.036944 0.134428
2 0.153233 0.558447 0.046180 0.175341
2 0.208228 0.606666 0.050378 0.125661
2 0.259866 0.331965 0.044500 0.207487
2 0.261125 0.511689 0.036944 0.105205
2 0.253568 0.635889 0.035264 0.137350
2 0.300168 0.685569 0.066331 0.149040
2 0.359362 0.555525 0.057095 0.134428
2 0.366079 0.732327 0.057095 0.149040
2 0.412678 0.432786 0.054576 0.163652
2 0.466835 0.448859 0.050378 0.160729
2 0.408060 0.738172 0.050378 0.166574
2 0.462636 0.771779 0.045340 0.146118
2 0.519312 0.625661 0.042821 0.111049
2 0.514694 0.770317 0.047019 0.125661
2 0.570109 0.653423 0.058774 0.131506
2 0.575567 0.494155 0.071369 0.216254
2 0.570529 0.808308 0.069689 0.131506
2 0.630982 0.672419 0.081444 0.163652
2 0.628044 0.811230 0.068850 0.166574
2 0.691016 0.825842 0.070529 0.149040
2 0.756507 0.505845 0.062133 0.233788
2 0.752309 0.682647 0.063812 0.125661
2 0.745592 0.817075 0.057095 0.149040
2 0.798489 0.834609 0.080605 0.166574
2 0.871537 0.508767 0.057095 0.175341
2 0.922754 0.518995 0.052057 0.195797
2 0.971033 0.517534 0.046180 0.192875
2 0.865239 0.695797 0.056255 0.163652
2 0.909740 0.682647 0.052897 0.172419
2 0.961377 0.691414 0.045340 0.131506
2 0.864819 0.837531 0.031906 0.131506
2 0.909740 0.836070 0.042821 0.157807
2 0.955080 0.834609 0.052897 0.195797