0 0.076153 0.447194 0.131286 0.036224
0 0.189536 0.446939 0.098133 0.036735
0 0.330768 0.447959 0.173721 0.036735
0 0.483271 0.448980 0.125981 0.036735
0 0.637101 0.450510 0.179026 0.037755
0 0.798357 0.452806 0.136590 0.037245
0 0.917973 0.453061 0.100520 0.036735
0 0.076816 0.482653 0.129960 0.034694
0 0.193515 0.483673 0.098133 0.035714
0 0.330768 0.483163 0.173721 0.033673
0 0.483271 0.483929 0.125981 0.032143
0 0.637366 0.486224 0.181678 0.033673
0 0.799816 0.487755 0.140568 0.032653
0 0.920492 0.488520 0.100785 0.034184
0 0.075756 0.516582 0.129960 0.032143
0 0.193117 0.517602 0.102111 0.033163
0 0.331696 0.517602 0.177700 0.034184
0 0.484200 0.517347 0.122003 0.033673
0 0.637366 0.520153 0.184330 0.035204
0 0.799153 0.521173 0.136590 0.033163
0 0.919166 0.522194 0.095480 0.032143
0 0.077745 0.551276 0.128633 0.036224
0 0.193780 0.552041 0.098133 0.034694
0 0.333022 0.552041 0.175048 0.032653
0 0.482874 0.552806 0.122003 0.033163
0 0.637366 0.553571 0.181678 0.034694
0 0.799816 0.554847 0.137916 0.033163
0 0.919829 0.555102 0.096807 0.032653
0 0.078408 0.585969 0.127307 0.032143
0 0.193117 0.585969 0.102111 0.031122
0 0.333022 0.586224 0.172395 0.033673
0 0.482874 0.586990 0.124655 0.031122
0 0.639356 0.587755 0.183004 0.032653
0 0.801142 0.588265 0.135264 0.031633
0 0.919829 0.587755 0.096807 0.030612
0 0.079469 0.619388 0.127307 0.033673
0 0.078806 0.653571 0.125981 0.032653
0 0.080795 0.688010 0.129960 0.035204
0 0.080132 0.723214 0.128633 0.033163
0 0.080132 0.757143 0.128633 0.032653
0 0.081458 0.791327 0.131286 0.033673
0 0.082121 0.825459 0.132612 0.032143
0 0.082784 0.858622 0.131286 0.032143
0 0.082784 0.893571 0.128633 0.033673
0 0.191526 0.619388 0.094154 0.034694
0 0.330768 0.620408 0.179026 0.035714
0 0.485924 0.621173 0.123329 0.035204
0 0.194178 0.654337 0.096807 0.034184
0 0.333420 0.655867 0.179026 0.031122
0 0.485261 0.657143 0.119351 0.033673
0 0.640416 0.620408 0.180352 0.034694
0 0.639753 0.656888 0.179026 0.035204
0 0.800214 0.621429 0.136590 0.034694
0 0.918901 0.622194 0.098133 0.035204
0 0.800214 0.656888 0.136590 0.035204
0 0.918238 0.657143 0.094154 0.032653
0 0.196300 0.689694 0.094154 0.032653
0 0.334216 0.688929 0.176374 0.033163
0 0.484067 0.689184 0.115372 0.029592
0 0.639886 0.689694 0.183004 0.030612
0 0.802335 0.691224 0.139242 0.030612
0 0.921686 0.690969 0.091502 0.031122
0 0.195637 0.723112 0.095480 0.031122
0 0.334216 0.723112 0.173721 0.032143
0 0.484730 0.722857 0.116698 0.034694
0 0.639223 0.723622 0.186983 0.034184
0 0.800346 0.723367 0.135264 0.031633
0 0.923675 0.723878 0.103437 0.032653
0 0.196830 0.755510 0.099459 0.032653
0 0.198819 0.790969 0.098133 0.033163
0 0.200145 0.825153 0.098133 0.033163
0 0.197493 0.858571 0.098133 0.034694
0 0.197493 0.893010 0.095480 0.032143
0 0.338725 0.756020 0.179026 0.033673
0 0.337399 0.790459 0.171069 0.033163
0 0.338062 0.824898 0.172395 0.033673
0 0.340714 0.860102 0.172395 0.033673
0 0.336735 0.895816 0.175048 0.031633
0 0.488576 0.757551 0.112720 0.032653
0 0.484598 0.791990 0.118024 0.032143
0 0.487913 0.826173 0.116698 0.031122
0 0.487913 0.858571 0.114046 0.030612
0 0.487913 0.892245 0.116698 0.032653
0 0.639090 0.758316 0.183004 0.031122
0 0.641079 0.791480 0.184330 0.034184
0 0.641079 0.827449 0.179026 0.033673
0 0.640416 0.861122 0.180352 0.030612
0 0.640416 0.895051 0.180352 0.032143
0 0.802866 0.758827 0.139242 0.034184
0 0.802866 0.793010 0.133938 0.032143
0 0.800877 0.825408 0.137916 0.029592
0 0.801540 0.859592 0.136590 0.032653
0 0.804192 0.893776 0.136590 0.033673
0 0.926195 0.756531 0.102111 0.030612
0 0.924206 0.791480 0.108742 0.034184
0 0.925532 0.825153 0.103437 0.030102
0 0.922879 0.858061 0.100785 0.029592
0 0.923543 0.891990 0.102111 0.032143
2 0.084018 0.927121 0.133441 0.030134
1 0.202229 0.927679 0.102981 0.031250
2 0.340746 0.927121 0.174053 0.030134
2 0.492317 0.926283 0.120387 0.030692
2 0.643888 0.926283 0.182756 0.032924
2 0.806338 0.926283 0.139242 0.031808
1 0.921213 0.925446 0.092828 0.031250