2 0.190598 0.153465 0.135364 0.111386
2 0.176094 0.259901 0.146790 0.113861
2 0.152801 0.381807 0.168765 0.149752
2 0.124674 0.534653 0.181071 0.163366
2 0.311897 0.151609 0.107236 0.110149
2 0.308381 0.264233 0.117784 0.107673
2 0.299592 0.387376 0.131848 0.138614
2 0.285967 0.534653 0.152064 0.165842
2 0.432318 0.154703 0.131848 0.099010
2 0.438032 0.266708 0.152064 0.117574
2 0.442427 0.384901 0.166128 0.128713
2 0.448579 0.529703 0.185466 0.168317
2 0.563726 0.158416 0.134485 0.106436
2 0.582185 0.262995 0.150306 0.120050
2 0.604160 0.382426 0.164370 0.131188
2 0.623058 0.532797 0.196892 0.164604
2 0.678434 0.160272 0.112510 0.100248
2 0.786988 0.165223 0.136243 0.100248
2 0.883237 0.168936 0.130090 0.097772
2 0.703485 0.262376 0.139758 0.121287
2 0.813797 0.267327 0.161733 0.113861
2 0.735128 0.380569 0.160854 0.149752
2 0.861262 0.383045 0.177555 0.137376
2 0.767211 0.526609 0.174039 0.167079
2 0.892906 0.530941 0.161733 0.165842
2 0.091343 0.776609 0.182686 0.310644
2 0.264432 0.772277 0.181071 0.321782
2 0.450777 0.771040 0.226778 0.314356
2 0.650746 0.769802 0.255784 0.311881
2 0.826982 0.775990 0.225020 0.314356