2 0.298022 0.182738 0.032494 0.047619
2 0.298632 0.230060 0.034525 0.043452
2 0.298632 0.273810 0.034525 0.041667
2 0.298225 0.316964 0.032900 0.043452
2 0.299647 0.361905 0.033306 0.044048
1 0.329501 0.180952 0.030463 0.047619
1 0.329298 0.228869 0.030057 0.043452
1 0.330313 0.273512 0.031275 0.042262
1 0.330110 0.315476 0.030869 0.041667
1 0.329907 0.359524 0.032900 0.042857
1 0.374382 0.177222 0.059301 0.051270
1 0.435999 0.175370 0.064581 0.050212
1 0.487737 0.172421 0.038812 0.046958
1 0.375347 0.226737 0.061914 0.043436
1 0.438084 0.224566 0.066195 0.042954
1 0.487582 0.219739 0.038861 0.045849
1 0.374227 0.269691 0.064548 0.047297
1 0.437359 0.266071 0.067512 0.046815
1 0.487911 0.261969 0.041495 0.046332
1 0.374359 0.312597 0.061914 0.043919
1 0.436602 0.309942 0.068500 0.045367
1 0.488800 0.304875 0.041825 0.044884
1 0.375182 0.355792 0.060926 0.044402
1 0.437425 0.352172 0.067512 0.044884
1 0.488043 0.348311 0.040837 0.047780
0 0.538500 0.062128 0.041125 0.051339
0 0.589271 0.058780 0.061433 0.050595
0 0.656543 0.055060 0.076157 0.061012
0 0.720261 0.049851 0.049248 0.062500
0 0.783217 0.044643 0.074634 0.059524
0 0.840437 0.040923 0.040617 0.061012
0 0.887654 0.037202 0.051787 0.062500
0 0.588763 0.113095 0.059402 0.053571
0 0.658320 0.110119 0.076665 0.053571
0 0.721936 0.105655 0.051787 0.056548
0 0.783928 0.101935 0.076665 0.063988
0 0.842062 0.095238 0.044679 0.059524
0 0.888010 0.092262 0.052295 0.053571
0 0.539363 0.169643 0.042648 0.053571
0 0.590896 0.167411 0.064480 0.058036
0 0.656644 0.162202 0.079203 0.056548
0 0.721886 0.159970 0.054325 0.055060
0 0.784588 0.156994 0.075142 0.059524
0 0.839878 0.151786 0.045187 0.059524
0 0.889634 0.148437 0.054325 0.058780
0 0.539515 0.226562 0.042140 0.057292
0 0.590286 0.223214 0.062449 0.059524
0 0.657812 0.218006 0.079711 0.059524
0 0.720769 0.216518 0.052295 0.058036
0 0.783979 0.211310 0.077172 0.059524
0 0.841097 0.209449 0.046202 0.060268
0 0.888873 0.204985 0.053818 0.060268
0 0.540656 0.280861 0.042804 0.057692
0 0.590490 0.278800 0.061863 0.058150
0 0.659695 0.276511 0.076548 0.059982
0 0.722496 0.269185 0.054052 0.060897
0 0.784984 0.265522 0.075923 0.058150
0 0.842629 0.263462 0.043117 0.056777
0 0.890119 0.260256 0.054364 0.060440
0 0.540531 0.334890 0.042179 0.055861
0 0.590678 0.333974 0.059988 0.057692
0 0.659414 0.328022 0.079360 0.060440
0 0.723652 0.325275 0.052490 0.060440
0 0.786265 0.320467 0.076860 0.059066
0 0.843410 0.318864 0.043429 0.060440
0 0.891994 0.316117 0.056864 0.058608
0 0.542281 0.389606 0.042179 0.059066
0 0.591959 0.387546 0.062800 0.058608
0 0.659445 0.384112 0.079047 0.059066
0 0.723308 0.380678 0.054677 0.061355
0 0.787233 0.376328 0.077172 0.058150
0 0.842941 0.374267 0.045616 0.059524
0 0.891994 0.371291 0.055614 0.060897
0 0.541687 0.445604 0.044366 0.059524
0 0.593396 0.441712 0.061551 0.058150
0 0.660258 0.438965 0.079672 0.059066
0 0.723527 0.435531 0.053740 0.054945
0 0.787733 0.431868 0.077172 0.054945
0 0.844128 0.429121 0.044991 0.056777
0 0.891307 0.426374 0.057489 0.058608
1 0.542718 0.500458 0.043429 0.056777
0 0.593021 0.499084 0.061551 0.053114
0 0.661758 0.495192 0.077172 0.054487
0 0.724589 0.490156 0.054364 0.059066
0 0.787483 0.487866 0.076548 0.059982
0 0.846440 0.484661 0.044366 0.058150
0 0.893150 0.483745 0.052802 0.059066
0 0.543656 0.556319 0.042804 0.058608
0 0.593490 0.553571 0.059363 0.056777
0 0.661789 0.551282 0.078735 0.058608
0 0.726807 0.548306 0.052802 0.054487
0 0.788452 0.545559 0.074985 0.057234
0 0.845784 0.541896 0.045304 0.058150
1 0.895306 0.539377 0.054364 0.053114
0 0.543812 0.611401 0.042492 0.056319
0 0.594583 0.608196 0.059051 0.056319
0 0.663476 0.606136 0.079360 0.057692
0 0.727401 0.602015 0.054989 0.060440
0 0.789295 0.600870 0.076548 0.062729
0 0.846159 0.598581 0.046553 0.059982
0 0.895056 0.594231 0.055614 0.059524
0 0.546218 0.665476 0.044054 0.057692
0 0.595270 0.662500 0.061551 0.058150
0 0.663132 0.662042 0.080297 0.058150
0 0.728276 0.658379 0.053740 0.056319
0 0.790170 0.656777 0.075923 0.058608
0 0.848127 0.652656 0.046241 0.059524
0 0.895774 0.650595 0.055302 0.056319
0 0.546842 0.718819 0.044054 0.058150
0 0.596833 0.719277 0.062800 0.064560
0 0.663382 0.716987 0.079047 0.061813
0 0.727182 0.714240 0.058426 0.059066
0 0.789451 0.712179 0.078110 0.061355
0 0.847721 0.709203 0.049678 0.063645
0 0.896462 0.707372 0.057801 0.064560
1 0.546342 0.776191 0.044679 0.060440
1 0.597895 0.774588 0.067174 0.062729
1 0.664132 0.771154 0.077172 0.054029
1 0.546030 0.834112 0.043429 0.059066
1 0.597583 0.833883 0.067174 0.060440
1 0.665694 0.828159 0.072173 0.052656
0 0.727401 0.770696 0.054989 0.053114
0 0.792388 0.767720 0.077485 0.054487
0 0.849377 0.764286 0.044366 0.057692
0 0.897774 0.764057 0.053427 0.051740
0 0.727182 0.826557 0.055927 0.055861
0 0.793107 0.823581 0.074048 0.055403
0 0.851845 0.820375 0.043429 0.052656
0 0.899024 0.819231 0.050928 0.054945
0 0.038285 0.421383 0.019996 0.044414
0 0.037504 0.465568 0.020309 0.043040
0 0.037660 0.508608 0.021246 0.043040
0 0.037973 0.552793 0.023120 0.042582
0 0.037348 0.596337 0.022496 0.043956
0 0.040160 0.639606 0.021246 0.040751
0 0.040316 0.681960 0.021558 0.041209
0 0.040628 0.723855 0.020309 0.041667
0 0.042034 0.766438 0.017497 0.040751
0 0.043909 0.809478 0.018746 0.045330
1 0.071247 0.420513 0.045304 0.043956
1 0.071560 0.463324 0.047803 0.041667
1 0.072029 0.506364 0.047491 0.043498
1 0.072966 0.550549 0.046241 0.044872
1 0.073435 0.595650 0.047178 0.042582
1 0.075309 0.638919 0.046553 0.043040
1 0.074997 0.682647 0.046553 0.040751
1 0.073903 0.725687 0.046241 0.041667
1 0.074528 0.768040 0.046866 0.042125
1 0.076559 0.810165 0.044054 0.044872
1 0.106084 0.416621 0.028120 0.040751
1 0.106084 0.462546 0.027495 0.043040
1 0.106709 0.506731 0.025620 0.045330
1 0.106397 0.550687 0.027495 0.041667
1 0.106553 0.593956 0.025308 0.042125
1 0.106397 0.638141 0.024995 0.045330
1 0.106241 0.682326 0.026557 0.040293
1 0.105772 0.723993 0.026870 0.043956
1 0.105616 0.767949 0.025308 0.043956
1 0.106866 0.810760 0.024058 0.039835
0 0.150763 0.414469 0.061863 0.040293
0 0.150295 0.456136 0.061551 0.042125
0 0.150607 0.500778 0.064050 0.046245
2 0.151857 0.545879 0.064050 0.043040
0 0.151076 0.590064 0.063113 0.040751
0 0.150607 0.631273 0.062800 0.039835
0 0.152013 0.675916 0.064987 0.048535
0 0.152325 0.722161 0.064362 0.043040
0 0.152794 0.766346 0.068424 0.042582
0 0.153263 0.810989 0.067487 0.045788
0 0.199972 0.410119 0.036555 0.043498
0 0.233247 0.406914 0.029369 0.045330
0 0.265741 0.405769 0.034993 0.042125
0 0.200504 0.454533 0.037493 0.041667
0 0.233466 0.451557 0.027807 0.043956
0 0.265960 0.452015 0.034056 0.043040
0 0.201753 0.497344 0.037493 0.042125
0 0.234872 0.496200 0.028744 0.043498
0 0.268147 0.495742 0.034681 0.040751
0 0.203003 0.541987 0.037493 0.043498
2 0.235341 0.539698 0.027807 0.040751
0 0.266584 0.537866 0.035306 0.043498
0 0.202066 0.584799 0.036868 0.040293
0 0.234872 0.582738 0.027495 0.045330
0 0.267209 0.580678 0.036555 0.041209
0 0.202378 0.628068 0.038118 0.042582
0 0.236122 0.626923 0.028120 0.042125
0 0.269084 0.624634 0.035306 0.041209
0 0.203784 0.673169 0.037180 0.043040
0 0.236903 0.669963 0.027182 0.043956
0 0.267522 0.668590 0.032806 0.045788
0 0.203472 0.719185 0.037180 0.043498
0 0.237371 0.715522 0.028744 0.043498
0 0.269553 0.714148 0.033119 0.040751
0 0.205346 0.761996 0.035306 0.040293
0 0.236903 0.759020 0.027182 0.041667
0 0.268615 0.757875 0.033119 0.040293
0 0.205346 0.806502 0.035931 0.045788
0 0.238309 0.805357 0.028120 0.046245
0 0.270021 0.803297 0.032181 0.043956
0 0.302072 0.580093 0.034299 0.046958
0 0.332986 0.579101 0.030237 0.041005
0 0.301621 0.667064 0.037007 0.041005
0 0.334115 0.667725 0.029786 0.042328
0 0.379922 0.664418 0.060023 0.041005
0 0.442652 0.662434 0.062731 0.039683
0 0.304103 0.711839 0.037458 0.046958
0 0.335694 0.711177 0.029335 0.042989
0 0.381501 0.708201 0.059572 0.042328
0 0.442427 0.705886 0.062280 0.042989
0 0.304103 0.757143 0.035653 0.041005
0 0.336597 0.757143 0.029335 0.043651
0 0.381501 0.752513 0.059572 0.041005
0 0.443781 0.749868 0.064987 0.043651
0 0.304554 0.801124 0.036555 0.044312
0 0.336371 0.800132 0.030688 0.041005
0 0.382404 0.797156 0.059572 0.042989
0 0.443781 0.795833 0.062280 0.042989
0 0.378568 0.577050 0.061828 0.042989
0 0.442652 0.575066 0.062731 0.044312
0 0.494146 0.748810 0.037909 0.046296
1 0.493695 0.702844 0.037007 0.045635
1 0.494372 0.660185 0.038361 0.043651
1 0.490987 0.617526 0.038812 0.044312
1 0.440892 0.617857 0.064987 0.043651
1 0.378162 0.619511 0.063182 0.046958
1 0.333708 0.621495 0.030237 0.046958
1 0.303020 0.624140 0.031140 0.040344
1 0.491844 0.572751 0.035653 0.046296
1 0.301395 0.536706 0.034750 0.046958
1 0.332309 0.536706 0.028883 0.048280
1 0.377665 0.534392 0.060023 0.052910
1 0.439719 0.531085 0.062280 0.046296
1 0.490716 0.528439 0.038812 0.048942
1 0.300718 0.494577 0.037007 0.043651
1 0.333212 0.491270 0.027078 0.043651
1 0.377439 0.487963 0.059572 0.050265
1 0.438816 0.485979 0.064085 0.047619
1 0.489362 0.484656 0.040617 0.048942
1 0.299951 0.448611 0.035653 0.049603
1 0.331542 0.446627 0.027529 0.049603
1 0.377349 0.443651 0.060474 0.050265
1 0.438049 0.441005 0.064536 0.054233
1 0.489272 0.436706 0.038812 0.046958
1 0.301531 0.403638 0.036104 0.039021
1 0.331768 0.404960 0.028883 0.046958
1 0.375544 0.400992 0.061377 0.046958
1 0.437598 0.397355 0.064536 0.047619
1 0.489723 0.395370 0.037007 0.051587
1 0.492884 0.795101 0.036868 0.045330