2 0.046708 0.507740 0.046415 0.037655
2 0.117827 0.506844 0.094327 0.039448
2 0.217020 0.503556 0.104059 0.037655
2 0.296000 0.502361 0.052404 0.035264
2 0.357387 0.501464 0.070371 0.033471
2 0.430752 0.498177 0.070371 0.035264
2 0.047082 0.544797 0.047163 0.040045
2 0.118950 0.543602 0.096573 0.037655
2 0.218143 0.541510 0.101813 0.037057
2 0.295626 0.539418 0.053152 0.041241
2 0.357387 0.539418 0.065879 0.037655
2 0.426635 0.538521 0.072617 0.039448
2 0.047082 0.583049 0.047163 0.037655
2 0.117078 0.582452 0.094327 0.040045
2 0.216646 0.579164 0.104808 0.038252
2 0.294877 0.577073 0.057644 0.037655
2 0.357013 0.577073 0.065130 0.037655
2 0.426261 0.577969 0.073365 0.039448
2 0.047831 0.619808 0.050158 0.039448
2 0.117078 0.619808 0.094327 0.039448
2 0.215523 0.616819 0.102562 0.038252
2 0.296374 0.615624 0.057644 0.039448
2 0.356639 0.615624 0.062885 0.039448
2 0.426635 0.614727 0.078606 0.037655
2 0.048205 0.659853 0.049409 0.039448
2 0.116330 0.659853 0.097321 0.039448
2 0.214774 0.658060 0.099567 0.039448
2 0.293380 0.655669 0.062136 0.039448
2 0.357387 0.654773 0.065879 0.041241
2 0.424389 0.652681 0.078606 0.041839
2 0.047082 0.699600 0.047163 0.040045
2 0.116704 0.696611 0.096573 0.037655
2 0.215897 0.696611 0.101813 0.037655
2 0.294877 0.693324 0.060639 0.039448
2 0.357387 0.694519 0.065879 0.037057
2 0.428132 0.693623 0.075611 0.040045
2 0.048205 0.736358 0.049409 0.041839
2 0.116704 0.735461 0.096573 0.040045
2 0.214400 0.733967 0.104808 0.041839
2 0.294877 0.731277 0.060639 0.040045
2 0.356264 0.731277 0.068125 0.040045
2 0.425886 0.730082 0.075611 0.037655
0 0.047456 0.775805 0.052404 0.041839
0 0.120073 0.774909 0.094327 0.040045
0 0.217394 0.771920 0.104808 0.041241
2 0.294877 0.769828 0.060639 0.041839
2 0.354767 0.768633 0.065130 0.039448
0 0.424389 0.767737 0.078606 0.037655
0 0.047082 0.814357 0.053152 0.037655
0 0.117827 0.813759 0.088338 0.035264
0 0.214774 0.811368 0.099567 0.035264
2 0.292257 0.810173 0.059890 0.037655
2 0.355141 0.810472 0.065879 0.041839
2 0.425886 0.808380 0.075611 0.042436
0 0.047456 0.851115 0.052404 0.035862
0 0.120073 0.849322 0.094327 0.039448
0 0.214774 0.849023 0.093578 0.040045
2 0.294877 0.849322 0.060639 0.039448
2 0.355141 0.848425 0.065879 0.037655
2 0.425886 0.847230 0.075611 0.040045
0 0.044462 0.887873 0.056896 0.037655
2 0.118950 0.886976 0.096573 0.035862
2 0.217020 0.886080 0.099567 0.037655
2 0.296000 0.886976 0.058393 0.039448
2 0.357387 0.885781 0.065879 0.038252
2 0.427009 0.886976 0.073365 0.035862
2 0.043339 0.925527 0.054650 0.037655
2 0.116330 0.925527 0.091332 0.037655
2 0.214400 0.925229 0.104808 0.041839
2 0.295626 0.925527 0.057644 0.041241
2 0.358510 0.925527 0.068125 0.041241
2 0.428132 0.923137 0.071119 0.037655
1 0.044087 0.965274 0.051655 0.041839
1 0.118576 0.964975 0.091332 0.037655
1 0.294503 0.966469 0.055398 0.039448
1 0.359633 0.967366 0.070371 0.041241
1 0.426635 0.966171 0.072617 0.043632
2 0.504866 0.497280 0.077857 0.039448
2 0.572617 0.495189 0.057644 0.040045
2 0.502246 0.535832 0.078606 0.037655
2 0.502246 0.574682 0.072617 0.035264
2 0.503743 0.613233 0.075611 0.041839
2 0.503743 0.650888 0.075611 0.041839
2 0.502246 0.689738 0.072617 0.039448
2 0.499626 0.731277 0.077857 0.040045
2 0.570371 0.534935 0.057644 0.039448
2 0.571494 0.575578 0.059890 0.041839
2 0.570371 0.612038 0.057644 0.039448
2 0.569248 0.650888 0.059890 0.041839
2 0.567751 0.689439 0.058393 0.040045
2 0.567377 0.729783 0.057644 0.039448
1 0.622775 0.493993 0.047163 0.046022
1 0.625395 0.534935 0.047912 0.035862
1 0.622775 0.574682 0.047163 0.043632
1 0.622775 0.612934 0.047163 0.037655
1 0.621652 0.649991 0.044918 0.040045
1 0.618657 0.690933 0.049409 0.041839
1 0.620155 0.730381 0.047912 0.041839
1 0.671436 0.497280 0.050158 0.047815
1 0.672558 0.532843 0.052404 0.035264
1 0.669938 0.573486 0.051655 0.046022
1 0.672558 0.612038 0.052404 0.035862
1 0.670313 0.651186 0.052404 0.037655
1 0.668441 0.689738 0.050158 0.039448
1 0.669938 0.729185 0.051655 0.039448
2 0.721219 0.494890 0.049409 0.039448
2 0.723465 0.534935 0.049409 0.039448
2 0.722342 0.573486 0.051655 0.037655
2 0.719722 0.613233 0.052404 0.041839
2 0.719722 0.649991 0.052404 0.040045
2 0.719722 0.689439 0.052404 0.043632
2 0.719722 0.728289 0.056896 0.041241
2 0.769880 0.495189 0.052404 0.040045
2 0.771751 0.533740 0.047163 0.041839
2 0.772126 0.573486 0.046415 0.037655
2 0.769505 0.611141 0.051655 0.037655
2 0.770628 0.648796 0.049409 0.037655
2 0.769505 0.687646 0.047163 0.040045
2 0.771003 0.728289 0.044169 0.041241
2 0.833887 0.493097 0.071119 0.035862
2 0.832390 0.533740 0.068125 0.045425
2 0.832390 0.572590 0.072617 0.039448
2 0.833513 0.613233 0.076360 0.037057
2 0.829770 0.649991 0.073365 0.040045
2 0.829770 0.688542 0.073365 0.041839
2 0.829770 0.729185 0.073365 0.044229
0 0.500000 0.769530 0.078606 0.035264
0 0.502246 0.808081 0.078606 0.041839
0 0.500749 0.846034 0.075611 0.037655
2 0.499252 0.886379 0.078606 0.039448
2 0.500749 0.923137 0.075611 0.037655
0 0.567751 0.768932 0.058393 0.037655
0 0.567377 0.806587 0.057644 0.037655
0 0.568874 0.844839 0.054650 0.040045
2 0.567377 0.884884 0.057644 0.040045
2 0.567377 0.922240 0.057644 0.039448
0 0.621278 0.768932 0.050158 0.037655
1 0.620529 0.806587 0.047163 0.037655
1 0.618657 0.843942 0.044918 0.041839
1 0.614914 0.883689 0.052404 0.042436
1 0.617160 0.924332 0.041923 0.035264
1 0.667318 0.769828 0.046415 0.039448
1 0.668441 0.805391 0.050158 0.040045
1 0.668815 0.845138 0.049409 0.039448
1 0.666195 0.882792 0.050158 0.039448
1 0.666195 0.923436 0.054650 0.041839
0 0.718225 0.767737 0.059890 0.040045
0 0.718599 0.806288 0.054650 0.037057
0 0.720845 0.844839 0.054650 0.040045
2 0.720096 0.883689 0.057644 0.037655
2 0.719722 0.922240 0.052404 0.039448
2 0.772126 0.769828 0.052404 0.039448
2 0.773623 0.808081 0.049409 0.041839
2 0.773623 0.846034 0.049409 0.037655
2 0.773623 0.883689 0.055398 0.037655
2 0.774372 0.923734 0.052404 0.042436
2 0.567377 0.957803 0.057644 0.026896
2 0.620155 0.961090 0.047912 0.041839
2 0.668815 0.965274 0.049409 0.041839
2 0.830893 0.767438 0.071119 0.039448
2 0.828647 0.806288 0.065130 0.038252
2 0.832016 0.844241 0.062885 0.037655
2 0.832764 0.882792 0.062885 0.039448
2 0.832390 0.924332 0.063633 0.043632
2 0.897520 0.494890 0.053152 0.039448
2 0.946181 0.494890 0.054650 0.039448
2 0.890783 0.533740 0.054650 0.041839
2 0.945058 0.533740 0.052404 0.041839
2 0.893777 0.572590 0.054650 0.039448
2 0.945807 0.573486 0.049409 0.041241
2 0.892280 0.613233 0.051655 0.041839
2 0.943187 0.613233 0.050158 0.038252
2 0.892280 0.650589 0.051655 0.037655
2 0.943187 0.652083 0.050158 0.039448
2 0.893403 0.726795 0.049409 0.041839
2 0.940941 0.727392 0.050158 0.039448
0 0.891157 0.767139 0.049409 0.040045
0 0.940941 0.768334 0.054650 0.037655
0 0.887040 0.808081 0.051655 0.041839
0 0.939443 0.806288 0.057644 0.041839
0 0.889660 0.844839 0.052404 0.043632
0 0.938321 0.844839 0.049409 0.043632
2 0.889660 0.884884 0.052404 0.040045
2 0.940566 0.884884 0.049409 0.040045
2 0.889660 0.923436 0.046415 0.041839
2 0.940941 0.924631 0.054650 0.044229
1 0.724588 0.962286 0.057644 0.044229
1 0.935700 0.961389 0.044169 0.029287
1 0.887414 0.962286 0.052404 0.031080
1 0.833139 0.962584 0.075611 0.031678
1 0.778489 0.962584 0.044169 0.031678