2 0.078373 0.082495 0.030754 0.062580
2 0.101190 0.084730 0.027778 0.078970
2 0.137401 0.080260 0.055556 0.078970
2 0.176587 0.078025 0.039683 0.083440
2 0.205109 0.084730 0.031250 0.087910
2 0.240823 0.085475 0.057044 0.089400
2 0.286706 0.084730 0.052579 0.087910
2 0.325645 0.077280 0.029266 0.105789
2 0.347222 0.084730 0.027778 0.087910
2 0.373512 0.079515 0.034722 0.077480
2 0.399554 0.082495 0.031250 0.092380
2 0.435268 0.080260 0.052083 0.078970
2 0.473462 0.080260 0.031250 0.078970
2 0.502976 0.080260 0.034722 0.078970
2 0.543651 0.085475 0.050595 0.068540
2 0.587302 0.087710 0.050595 0.073010
2 0.620288 0.087710 0.026290 0.073010
2 0.643353 0.089945 0.027778 0.077480
2 0.070685 0.153270 0.026290 0.078970
2 0.095734 0.156250 0.037698 0.073010
2 0.132937 0.150290 0.050595 0.073010
2 0.173859 0.147310 0.038194 0.067050
2 0.199901 0.153270 0.027778 0.067050
2 0.237103 0.153270 0.053571 0.067050
2 0.285466 0.158485 0.048115 0.068540
2 0.320933 0.155505 0.032738 0.062580
2 0.346230 0.150290 0.027778 0.073010
2 0.372272 0.145820 0.031250 0.073010
2 0.398065 0.148055 0.031250 0.077480
2 0.437500 0.145075 0.053571 0.071520
2 0.473710 0.142840 0.036706 0.078970
2 0.501736 0.148055 0.040179 0.077480
2 0.542411 0.148055 0.056052 0.077480
2 0.589534 0.147310 0.052083 0.078970
2 0.636905 0.153270 0.046627 0.067050
2 0.062748 0.212870 0.031250 0.093870
2 0.091518 0.215105 0.029266 0.077480
2 0.129464 0.218085 0.057540 0.083440
2 0.166915 0.212125 0.038194 0.083440
2 0.196429 0.218085 0.031746 0.083440
2 0.231895 0.221065 0.057044 0.068540
2 0.283234 0.221065 0.055556 0.077480
2 0.319692 0.215105 0.031250 0.077480
2 0.344742 0.217340 0.032738 0.073010
2 0.370784 0.209890 0.029266 0.067050
2 0.397073 0.206910 0.026290 0.073010
2 0.435020 0.213615 0.046627 0.062580
2 0.475198 0.215850 0.032738 0.067050
2 0.503224 0.208400 0.033234 0.073010
2 0.544891 0.215105 0.050099 0.077480
2 0.592262 0.210635 0.048611 0.068540
2 0.638393 0.215105 0.050595 0.068540
1 0.056796 0.288859 0.036210 0.087910
1 0.082589 0.280664 0.026290 0.074500
1 0.120784 0.280664 0.057044 0.095359
1 0.163442 0.288859 0.045139 0.067050
1 0.191468 0.280664 0.027778 0.071520
1 0.228423 0.288114 0.057044 0.089400
1 0.277530 0.283644 0.052083 0.089400
1 0.315476 0.282899 0.034722 0.087910
1 0.342510 0.272469 0.029266 0.087910
1 0.371032 0.280664 0.027778 0.092380
1 0.396329 0.280664 0.029762 0.092380
1 0.433284 0.280664 0.052083 0.092380
2 0.475942 0.280664 0.034226 0.083440
1 0.505456 0.278429 0.034722 0.087910
1 0.547867 0.276194 0.057044 0.083440
1 0.595734 0.278429 0.052579 0.087910
1 0.643105 0.276194 0.057044 0.083440
1 0.047867 0.361124 0.036210 0.089400
1 0.073165 0.364104 0.034226 0.083440
1 0.115575 0.361869 0.060516 0.087910
1 0.157986 0.364849 0.038194 0.073010
1 0.187004 0.353674 0.029762 0.071520
1 0.224950 0.355909 0.054067 0.067050
1 0.274058 0.355909 0.055060 0.081950
1 0.313740 0.358144 0.031250 0.077480
1 0.339286 0.348459 0.029762 0.087910
1 0.367560 0.350694 0.032738 0.083440
1 0.394593 0.353674 0.031250 0.077480
1 0.433532 0.355909 0.053571 0.081950
2 0.475942 0.355909 0.035218 0.073010
1 0.506448 0.349949 0.029762 0.073010
1 0.547123 0.352929 0.055556 0.078970
1 0.599206 0.347714 0.050595 0.077480
1 0.644345 0.342499 0.053571 0.078970
2 0.692836 0.338741 0.054054 0.081184
2 0.739382 0.343251 0.051051 0.079896
2 0.782926 0.340674 0.054054 0.085050
2 0.816173 0.334230 0.039039 0.072164
2 0.839983 0.341318 0.036036 0.076030
2 0.873016 0.338741 0.048048 0.081184
2 0.901759 0.334230 0.030030 0.079896
2 0.922351 0.338741 0.030030 0.073453
1 0.037752 0.438610 0.032604 0.082473
1 0.068640 0.434100 0.028314 0.073453
1 0.107465 0.434744 0.061347 0.072164
1 0.150365 0.433456 0.045045 0.072164
1 0.182540 0.430234 0.034749 0.081184
1 0.220935 0.427657 0.060060 0.086339
1 0.272844 0.434100 0.056628 0.073453
1 0.311240 0.428945 0.031317 0.081184
1 0.337409 0.425080 0.029601 0.073453
1 0.365079 0.427013 0.034320 0.077319
1 0.393608 0.423147 0.031317 0.077319
1 0.431360 0.429590 0.055341 0.072164
2 0.475118 0.424435 0.033033 0.072164
1 0.507293 0.423147 0.034749 0.077319
1 0.550837 0.427013 0.058344 0.085050
1 0.599528 0.417992 0.053625 0.077319
1 0.648434 0.416059 0.055341 0.081184
2 0.697769 0.409616 0.055341 0.086339
2 0.744101 0.409616 0.052767 0.068298
2 0.787645 0.405106 0.049764 0.067009
2 0.822394 0.404461 0.031746 0.068298
2 0.847061 0.399951 0.033033 0.067009
2 0.879236 0.401884 0.046761 0.063143
2 0.909481 0.399951 0.026598 0.059278
2 0.929644 0.402528 0.031746 0.064432
1 0.033781 0.507809 0.035816 0.085579
1 0.060643 0.507809 0.035816 0.085579
1 0.098494 0.512088 0.062678 0.077021
1 0.145503 0.512088 0.042735 0.077021
1 0.175417 0.512088 0.031746 0.077021
1 0.214693 0.507809 0.059829 0.085579
1 0.267603 0.505364 0.054131 0.080689
1 0.309320 0.505975 0.032560 0.089247
1 0.335165 0.505364 0.027269 0.090469
1 0.364265 0.502919 0.034188 0.085579
1 0.391738 0.502919 0.031339 0.085579
1 0.432234 0.501085 0.055352 0.081911
2 0.475173 0.499251 0.035409 0.075799
1 0.508547 0.497418 0.037037 0.081911
1 0.550672 0.494972 0.061050 0.077021
1 0.601750 0.488248 0.054131 0.073353
1 0.653643 0.484581 0.055352 0.080689
2 0.702279 0.482136 0.052503 0.078244
2 0.748474 0.475411 0.051282 0.072131
2 0.792837 0.477245 0.055352 0.075799
2 0.827635 0.472966 0.031339 0.067241
2 0.853276 0.468076 0.031339 0.077021
2 0.884615 0.466854 0.042735 0.072131
2 0.917379 0.464408 0.028490 0.077021
2 0.935083 0.466242 0.027269 0.063573
1 0.023606 0.595222 0.030118 0.099027
1 0.050875 0.592777 0.032560 0.094137
1 0.091982 0.595222 0.066748 0.089247
1 0.139805 0.592777 0.045177 0.077021
1 0.171754 0.579940 0.032560 0.095359
1 0.213065 0.590943 0.061457 0.097805
1 0.265568 0.586664 0.062271 0.081911
1 0.319495 0.590943 0.056980 0.080689
1 0.362434 0.586664 0.034595 0.089247
1 0.392145 0.583608 0.031339 0.085579
1 0.432845 0.579940 0.055759 0.085579
2 0.476394 0.578106 0.035409 0.089247
1 0.509158 0.579940 0.035816 0.085579
1 0.551893 0.573216 0.058608 0.081911
1 0.604599 0.567103 0.055759 0.077021
1 0.654660 0.564658 0.055759 0.072131
2 0.705942 0.551821 0.054131 0.073353
2 0.753154 0.546320 0.054131 0.077021
2 0.798738 0.543263 0.054131 0.073353
2 0.835572 0.545709 0.034188 0.068463
2 0.862027 0.538984 0.032560 0.064796
2 0.893366 0.532872 0.043142 0.059905
2 0.923280 0.528593 0.028897 0.068463
2 0.941799 0.524314 0.028490 0.067241
1 0.017908 0.676522 0.035816 0.090469
1 0.043753 0.682635 0.035409 0.085579
1 0.086488 0.678356 0.069597 0.094137
1 0.132479 0.674077 0.048433 0.085579
1 0.165446 0.676522 0.037037 0.090469
1 0.205942 0.671632 0.064306 0.090469
1 0.260887 0.664297 0.058608 0.097805
1 0.301994 0.668576 0.038258 0.089247
1 0.329263 0.663685 0.035816 0.089247
1 0.361213 0.670409 0.037037 0.085579
1 0.390313 0.666130 0.032560 0.086802
1 0.432438 0.661852 0.058201 0.085579
2 0.475580 0.657573 0.037037 0.094137
1 0.509972 0.655739 0.039886 0.090469
1 0.554131 0.649015 0.059829 0.094137
1 0.606227 0.645347 0.055759 0.077021
1 0.658730 0.634344 0.055759 0.081911
1 0.697192 0.631899 0.034188 0.077021
1 0.724054 0.631288 0.030932 0.085579
1 0.758242 0.623341 0.051282 0.077021
1 0.806675 0.619062 0.051282 0.068463
1 0.842084 0.617228 0.034188 0.081911
1 0.867114 0.612338 0.035409 0.072131
1 0.901913 0.608059 0.045584 0.073353
1 0.930606 0.599501 0.031339 0.073353
1 0.953195 0.597667 0.028490 0.077021
1 0.013635 0.765158 0.027269 0.094137
1 0.035613 0.771882 0.037037 0.097805
1 0.077737 0.767603 0.066748 0.106363
1 0.127595 0.767603 0.052503 0.106363
1 0.158934 0.765158 0.038665 0.101472
1 0.201058 0.765158 0.068376 0.094137
1 0.257021 0.756600 0.061457 0.094137
1 0.302605 0.758434 0.032967 0.107585
1 0.329670 0.754155 0.030118 0.106363
1 0.358160 0.749876 0.035816 0.097805
1 0.388075 0.750487 0.035409 0.089247
1 0.432234 0.746208 0.061050 0.090469
2 0.478022 0.745597 0.038665 0.089247
1 0.512821 0.737039 0.039886 0.089247
1 0.556980 0.730926 0.057387 0.094137
1 0.610297 0.724813 0.055759 0.081911
1 0.648148 0.718700 0.031339 0.084356
1 0.673789 0.716867 0.037037 0.080689
1 0.704314 0.713810 0.037037 0.077021
1 0.730566 0.711976 0.030118 0.080689
1 0.762719 0.703418 0.054538 0.080689
1 0.811762 0.695472 0.055759 0.081911
1 0.849003 0.690582 0.035816 0.072131
1 0.875254 0.688748 0.037037 0.075799
1 0.907407 0.675911 0.052503 0.069686
1 0.941188 0.671632 0.029711 0.068463
1 0.961131 0.669187 0.032967 0.073353
1 0.009565 0.858072 0.018315 0.099027
1 0.026455 0.855627 0.026862 0.103917
1 0.070004 0.862351 0.062678 0.090469
1 0.119658 0.862351 0.051282 0.097805
1 0.149980 0.862351 0.037037 0.080689
1 0.195360 0.858072 0.068376 0.081911
1 0.252340 0.850737 0.062678 0.099027
1 0.299349 0.848903 0.037037 0.085579
1 0.327228 0.846458 0.030118 0.090469
1 0.357143 0.846458 0.035409 0.090469
1 0.388482 0.842790 0.032967 0.097805
1 0.432845 0.831787 0.061457 0.102695
1 0.479039 0.833621 0.039886 0.089247
1 0.511803 0.828119 0.037037 0.085579
1 0.559422 0.818950 0.063899 0.094137
1 0.613960 0.812226 0.057387 0.090469
1 0.652422 0.797555 0.028490 0.085579
1 0.680912 0.801834 0.036630 0.084356
1 0.709402 0.793276 0.036630 0.084356
1 0.734432 0.793276 0.029711 0.084356
1 0.771469 0.780440 0.052503 0.075799
1 0.817257 0.780440 0.058608 0.075799
1 0.859788 0.769437 0.029711 0.080689
1 0.884208 0.763324 0.035409 0.075799
1 0.916768 0.748653 0.052503 0.073353
1 0.946886 0.744374 0.029711 0.072131
1 0.969475 0.737650 0.030118 0.068463
2 0.027066 0.953432 0.031339 0.089247
2 0.074278 0.951598 0.065527 0.085579
2 0.141229 0.956488 0.042328 0.085579
2 0.197802 0.951598 0.048840 0.092914
2 0.264143 0.952209 0.061050 0.094137
2 0.355311 0.947930 0.096866 0.102695
2 0.433048 0.941206 0.056980 0.116143
2 0.656288 0.904529 0.035409 0.118588
2 0.684168 0.897805 0.043142 0.114920
2 0.718356 0.891692 0.034188 0.119811
2 0.744607 0.887413 0.029711 0.118588
2 0.777778 0.876410 0.062678 0.099027
2 0.827635 0.876410 0.054131 0.116143
2 0.863451 0.870298 0.042735 0.111253
2 0.893976 0.853182 0.050061 0.111253
2 0.923280 0.846458 0.048433 0.107585
2 0.955433 0.836066 0.029711 0.111253
2 0.975173 0.829342 0.032560 0.097805
2 0.516280 0.938150 0.041107 0.119811