2 0.327484 0.146040 0.153077 0.118812
2 0.508504 0.149134 0.143358 0.125000
2 0.664011 0.150371 0.165226 0.127475
2 0.832275 0.153465 0.164011 0.118812
2 0.840779 0.277847 0.176160 0.127475
2 0.300757 0.265470 0.138498 0.127475
2 0.476917 0.272896 0.174945 0.127475
2 0.643358 0.269802 0.177375 0.126238
2 0.263095 0.402847 0.145788 0.152228
2 0.448367 0.405941 0.178590 0.150990
2 0.625135 0.411510 0.191954 0.147277
2 0.818304 0.411510 0.199243 0.147277
2 0.194453 0.556931 0.159152 0.178218
2 0.404023 0.563738 0.218682 0.172030
2 0.602052 0.571163 0.196814 0.179455
2 0.820733 0.573020 0.206533 0.175743
2 0.113055 0.800743 0.217467 0.306931
2 0.359072 0.798886 0.245410 0.310644
2 0.575931 0.806931 0.224756 0.326733
2 0.811622 0.818688 0.210178 0.335396