0 0.036120 0.927256 0.027181 0.038534
0 0.035511 0.968139 0.030021 0.044173
0 0.067561 0.927961 0.037324 0.037124
0 0.102450 0.927303 0.031644 0.037124
0 0.068575 0.968421 0.035295 0.043233
0 0.101842 0.969361 0.030427 0.046053
0 0.133891 0.968421 0.032861 0.046992
0 0.133689 0.926363 0.033267 0.036184
0 0.157705 0.925141 0.013793 0.036184
0 0.181844 0.967434 0.034484 0.048402
0 0.180830 0.927021 0.031644 0.031485
0 0.214705 0.969549 0.029615 0.045113
0 0.213229 0.928720 0.029976 0.038194
0 0.247059 0.969395 0.032545 0.046131
0 0.245132 0.928472 0.031261 0.034722
0 0.277250 0.966915 0.026978 0.048115
0 0.275323 0.926736 0.027407 0.032242
0 0.306369 0.967411 0.027835 0.045139
0 0.304870 0.927232 0.030832 0.033234
0 0.335275 0.927976 0.027407 0.033730
0 0.364608 0.927480 0.027835 0.033730
0 0.393300 0.926984 0.027835 0.032738
0 0.393942 0.967907 0.028263 0.040179
0 0.423318 0.926488 0.029976 0.033730
0 0.424175 0.967411 0.029120 0.041171
0 0.453937 0.926984 0.029548 0.031746
0 0.454365 0.966667 0.028691 0.039683
0 0.483271 0.926736 0.027407 0.031250
0 0.483271 0.967163 0.027407 0.042659
0 0.511320 0.927480 0.026978 0.033730
0 0.512476 0.967361 0.029120 0.040675
0 0.539882 0.926191 0.028263 0.031746
0 0.540953 0.966121 0.027835 0.040179
0 0.569858 0.926687 0.029120 0.030754
0 0.035917 0.892716 0.025964 0.029605
0 0.067764 0.892481 0.037729 0.031955
0 0.102653 0.892011 0.029615 0.031015
0 0.134094 0.891306 0.030832 0.031485
0 0.157624 0.890132 0.016228 0.031955
0 0.181763 0.893891 0.032050 0.036654
0 0.035917 0.861936 0.025964 0.031015
0 0.068575 0.860526 0.038541 0.030075
0 0.102856 0.860526 0.030021 0.030075
0 0.133283 0.860291 0.029210 0.030545
0 0.158436 0.858647 0.017850 0.030075
0 0.182777 0.859587 0.030021 0.031955
0 0.213812 0.894361 0.031238 0.030075
0 0.245659 0.893421 0.030832 0.031955
0 0.275275 0.893891 0.027587 0.031015
0 0.305093 0.892716 0.031238 0.031485
0 0.333897 0.893656 0.027181 0.031485
0 0.363107 0.892246 0.029615 0.033365
0 0.392925 0.892716 0.029210 0.032425
0 0.422621 0.894126 0.030832 0.034305
0 0.453657 0.893186 0.029615 0.032425
0 0.482542 0.894126 0.027993 0.034305
0 0.511752 0.893186 0.028804 0.032425
0 0.539744 0.893186 0.026370 0.032425
0 0.569197 0.893656 0.031238 0.034305
0 0.214380 0.859821 0.030427 0.034305
0 0.245416 0.860526 0.030832 0.036654
0 0.275640 0.859587 0.027181 0.033835
0 0.305458 0.860056 0.030832 0.032895
0 0.335114 0.859821 0.027181 0.033365
0 0.363512 0.858882 0.028804 0.030545
0 0.393330 0.859587 0.030021 0.033835
0 0.422540 0.859352 0.030021 0.034305
0 0.454143 0.858647 0.028804 0.033835
0 0.481528 0.857707 0.025964 0.031955
0 0.511549 0.860291 0.032455 0.032425
0 0.540758 0.859821 0.024341 0.032425
0 0.569360 0.859587 0.032050 0.031955
0 0.035511 0.829041 0.024341 0.032895
0 0.068170 0.829276 0.038541 0.032425
0 0.103262 0.828102 0.030832 0.034774
0 0.133080 0.826927 0.027181 0.033365
0 0.157624 0.826692 0.019473 0.033835
0 0.182980 0.825987 0.030427 0.033365
0 0.215029 0.826222 0.032050 0.032895
0 0.246349 0.826927 0.030427 0.031485
0 0.275559 0.826692 0.027181 0.031955
0 0.305174 0.826927 0.029615 0.031485
0 0.334789 0.826692 0.027993 0.031955
0 0.362782 0.826692 0.027181 0.033835
0 0.391992 0.825987 0.029615 0.034305
0 0.422743 0.825752 0.030427 0.031015
0 0.452561 0.826457 0.027587 0.031485
0 0.480351 0.825987 0.026370 0.028665
0 0.510900 0.827632 0.034078 0.030075
0 0.540312 0.828571 0.023124 0.030075
0 0.568305 0.828102 0.031238 0.029135
0 0.035391 0.796886 0.023717 0.029304
0 0.067410 0.797573 0.039529 0.029762
0 0.102986 0.797344 0.031623 0.028388
0 0.133225 0.795055 0.028065 0.027473
0 0.157931 0.794826 0.020555 0.030678
0 0.182834 0.795055 0.027670 0.028388
0 0.214457 0.794826 0.031623 0.027930
0 0.245685 0.795284 0.029251 0.029762
0 0.275331 0.795971 0.028461 0.029304
0 0.305176 0.796200 0.028856 0.029762
0 0.333834 0.795742 0.028461 0.029762
0 0.362690 0.795284 0.026089 0.027930
0 0.390953 0.795055 0.028856 0.025641
0 0.420876 0.795055 0.029251 0.027473
0 0.451116 0.796429 0.028856 0.028388
0 0.479774 0.796429 0.026880 0.028388
0 0.511200 0.797573 0.032809 0.029762
0 0.540254 0.798031 0.024508 0.028846
0 0.568517 0.797802 0.030437 0.029304
0 0.035787 0.765064 0.023717 0.033425
0 0.067410 0.764835 0.038738 0.033883
0 0.102393 0.765522 0.030437 0.034341
0 0.132632 0.764606 0.028461 0.033425
0 0.158128 0.762546 0.020950 0.033883
0 0.182715 0.764606 0.026484 0.032509
0 0.212955 0.764148 0.032414 0.031593
0 0.244578 0.764377 0.029251 0.031136
0 0.275134 0.764606 0.028856 0.032509
0 0.305650 0.766209 0.030437 0.030220
0 0.335494 0.765339 0.029251 0.028846
0 0.364074 0.766026 0.028065 0.030220
0 0.391151 0.766484 0.028461 0.030220
0 0.420205 0.766255 0.029647 0.031593
0 0.450642 0.766255 0.029647 0.030678
0 0.480684 0.766255 0.028065 0.030678
0 0.512583 0.766255 0.033995 0.030678
0 0.540649 0.766941 0.025298 0.028388
0 0.567924 0.767628 0.031623 0.029762
0 0.035510 0.731914 0.024903 0.030678
0 0.067331 0.732372 0.038738 0.029762
0 0.102511 0.731685 0.030832 0.031136
0 0.132158 0.731685 0.027670 0.031136
0 0.157654 0.729625 0.020950 0.031593
0 0.182953 0.731685 0.028856 0.032967
0 0.212797 0.731685 0.029251 0.032967
0 0.243036 0.732601 0.031228 0.032967
0 0.274462 0.731914 0.029251 0.031593
0 0.304701 0.733516 0.030437 0.034799
0 0.335336 0.733974 0.030042 0.032967
0 0.363362 0.735119 0.026484 0.032509
0 0.390637 0.734203 0.028065 0.031593
0 0.419098 0.733059 0.028856 0.033883
0 0.450325 0.733745 0.030437 0.033425
0 0.481356 0.733974 0.030042 0.032967
0 0.512504 0.733059 0.031623 0.032967
0 0.538791 0.734432 0.024113 0.032967
0 0.567647 0.734432 0.032018 0.035714
0 0.036182 0.698260 0.022927 0.035714
0 0.067805 0.698718 0.038738 0.034799
0 0.102986 0.697344 0.028461 0.034799
0 0.132237 0.698031 0.028461 0.036172
0 0.157140 0.697115 0.021346 0.034341
0 0.182043 0.697344 0.030042 0.033883
0 0.212283 0.698260 0.028856 0.033883
0 0.243115 0.697573 0.031228 0.035256
0 0.273355 0.697802 0.030832 0.035714
0 0.304385 0.698718 0.030437 0.034799
0 0.335890 0.698947 0.030042 0.034341
0 0.363955 0.700092 0.024508 0.034799
0 0.390281 0.700778 0.026880 0.034341
0 0.419335 0.699634 0.029647 0.032967
0 0.449970 0.700092 0.030042 0.033883
0 0.480644 0.700549 0.029251 0.034799
0 0.510923 0.700092 0.028461 0.032051
0 0.538396 0.700549 0.024113 0.031136
0 0.568121 0.700778 0.032809 0.029762
0 0.036182 0.665980 0.022927 0.027930
0 0.035787 0.634615 0.023717 0.034799
0 0.035589 0.600504 0.022531 0.033425
0 0.035391 0.567537 0.021346 0.031593
0 0.035589 0.535485 0.020950 0.030678
0 0.035589 0.502152 0.020160 0.034341
0 0.035787 0.469414 0.020555 0.030220
0 0.035391 0.437134 0.021346 0.033425
0 0.067805 0.666484 0.039529 0.028388
0 0.102986 0.665568 0.028461 0.027473
0 0.131842 0.664881 0.029251 0.027930
0 0.156943 0.665339 0.020950 0.029762
0 0.182636 0.665110 0.029647 0.030220
0 0.211611 0.664881 0.028461 0.031593
0 0.242443 0.664881 0.031623 0.031593
0 0.273276 0.664652 0.031623 0.030220
0 0.303911 0.664652 0.028856 0.031136
0 0.335336 0.665110 0.030832 0.031136
0 0.363599 0.666484 0.025694 0.031136
0 0.390084 0.667399 0.027275 0.032051
0 0.419572 0.666712 0.030437 0.029762
0 0.450207 0.667628 0.028461 0.029762
0 0.479853 0.668315 0.029251 0.030220
0 0.509895 0.668544 0.030042 0.027930
0 0.538356 0.670147 0.026089 0.027473
0 0.568003 0.670147 0.031623 0.027473
0 0.067805 0.635348 0.037948 0.034799
0 0.101405 0.635119 0.028461 0.032509
0 0.131051 0.634432 0.028461 0.032051
0 0.155954 0.633516 0.020555 0.031136
0 0.181648 0.633516 0.029251 0.031136
0 0.211295 0.633516 0.027670 0.031136
0 0.241732 0.633288 0.030832 0.031593
0 0.273434 0.633516 0.031623 0.031136
0 0.303674 0.633288 0.027275 0.031593
0 0.333715 0.632830 0.030437 0.030678
0 0.362967 0.634203 0.026484 0.030678
0 0.390044 0.635348 0.027670 0.031136
0 0.418702 0.635577 0.029647 0.029762
0 0.448942 0.635577 0.028461 0.030678
0 0.478391 0.635348 0.029647 0.031136
0 0.508433 0.637408 0.028856 0.030678
0 0.537289 0.639698 0.027275 0.031593
0 0.566145 0.640614 0.028856 0.030678
0 0.067212 0.599313 0.037552 0.034341
0 0.101207 0.600000 0.028856 0.034799
0 0.066026 0.567720 0.039134 0.031593
0 0.100614 0.567262 0.030042 0.029762
0 0.065433 0.535440 0.036367 0.030220
0 0.098242 0.536584 0.031623 0.030678
0 0.064643 0.504075 0.035576 0.031593
0 0.098242 0.504533 0.031623 0.031593
0 0.064445 0.471474 0.035971 0.030678
0 0.098638 0.473535 0.032414 0.030220
0 0.063852 0.438736 0.033995 0.032967
0 0.098045 0.440110 0.033599 0.032967
0 0.130854 0.599222 0.029647 0.037088
0 0.155757 0.599222 0.017788 0.035256
0 0.181450 0.598764 0.031228 0.034341
0 0.130063 0.566484 0.028065 0.028388
0 0.155361 0.566712 0.017788 0.028846
0 0.180858 0.566712 0.032414 0.027930
0 0.129470 0.536722 0.029251 0.032051
0 0.154768 0.534890 0.018974 0.031136
0 0.180858 0.535119 0.032414 0.031593
0 0.130656 0.504441 0.030042 0.029762
0 0.155559 0.503297 0.018183 0.030220
0 0.180462 0.503297 0.030042 0.032051
0 0.130261 0.473764 0.030042 0.029762
0 0.155757 0.472619 0.018579 0.030220
0 0.179672 0.471932 0.029251 0.029762
0 0.129865 0.441255 0.028461 0.033425
0 0.154966 0.440339 0.019369 0.031593
0 0.179276 0.440339 0.027670 0.031593
0 0.211967 0.599313 0.028065 0.035256
0 0.241811 0.598626 0.030832 0.035714
0 0.211374 0.565888 0.027670 0.029762
0 0.211176 0.535440 0.028856 0.032051
0 0.210583 0.503159 0.028461 0.030678
0 0.209595 0.472161 0.028856 0.029304
0 0.208804 0.440888 0.029647 0.031593
0 0.241613 0.565980 0.031228 0.027930
0 0.241811 0.535302 0.031623 0.032509
0 0.241416 0.503709 0.032414 0.029762
0 0.240427 0.472802 0.032809 0.029304
0 0.240230 0.442125 0.031623 0.032051
0 0.273039 0.598626 0.030042 0.034799
0 0.304069 0.599771 0.028856 0.034341
0 0.332530 0.601603 0.028065 0.029762
0 0.360990 0.602289 0.026484 0.030220
0 0.389412 0.603892 0.027986 0.031593
0 0.419216 0.604808 0.027670 0.030678
0 0.448665 0.604808 0.028065 0.027930
0 0.477324 0.606181 0.028461 0.027015
0 0.507682 0.608013 0.030832 0.027015
0 0.536538 0.609844 0.025298 0.027015
0 0.565394 0.610531 0.030832 0.028388
0 0.273039 0.567353 0.030832 0.027015
0 0.302685 0.568956 0.030042 0.026557
0 0.332727 0.572390 0.026880 0.028846
0 0.360002 0.572161 0.027670 0.029304
0 0.389925 0.572848 0.030437 0.030678
0 0.418584 0.572848 0.027670 0.031593
0 0.448942 0.573993 0.028461 0.033883
0 0.477600 0.576053 0.027275 0.032509
0 0.508156 0.578571 0.030042 0.030220
0 0.536024 0.580174 0.025694 0.033425
0 0.565275 0.580632 0.032809 0.032509
0 0.273434 0.537592 0.030042 0.033425
0 0.303081 0.538965 0.026880 0.033425
0 0.332134 0.540339 0.027275 0.035256
0 0.359409 0.540110 0.026484 0.033883
0 0.389056 0.540797 0.028065 0.031593
0 0.419493 0.539652 0.030437 0.030220
0 0.449337 0.540339 0.027670 0.032509
0 0.476612 0.541712 0.026880 0.035256
0 0.507286 0.543086 0.030042 0.037088
0 0.535945 0.545833 0.027275 0.035256
0 0.565394 0.546291 0.030832 0.032509
0 0.273434 0.505540 0.030042 0.028846
0 0.302488 0.507372 0.027275 0.027930
0 0.330553 0.507143 0.028856 0.028388
0 0.359212 0.507830 0.024508 0.028846
0 0.388463 0.508517 0.028461 0.028388
0 0.419295 0.509890 0.030042 0.028388
0 0.448586 0.510577 0.028065 0.027015
0 0.477442 0.509890 0.028856 0.025641
0 0.506496 0.510348 0.026880 0.025641
0 0.534719 0.513324 0.026089 0.027015
0 0.563971 0.514927 0.030832 0.028388
0 0.272722 0.475778 0.028461 0.030678
0 0.302171 0.475549 0.028856 0.031136
0 0.330632 0.476923 0.026484 0.031136
0 0.358895 0.476923 0.027670 0.032967
0 0.387554 0.478068 0.028065 0.031593
0 0.417398 0.479670 0.028461 0.031136
0 0.448823 0.480586 0.028856 0.032051
0 0.478075 0.480586 0.026484 0.031136
0 0.505587 0.481273 0.027275 0.033425
0 0.533455 0.483333 0.027670 0.031136
0 0.563299 0.485165 0.030437 0.030220
0 0.272248 0.443040 0.030042 0.031136
0 0.302290 0.443956 0.029251 0.032967
0 0.330355 0.443956 0.026880 0.032967
0 0.357828 0.443956 0.028065 0.032051
0 0.386961 0.443727 0.028461 0.035256
0 0.416212 0.445559 0.030042 0.032509
0 0.448428 0.445788 0.032018 0.032967
0 0.477482 0.448306 0.025298 0.033425
0 0.504757 0.448077 0.026880 0.030220
0 0.533178 0.451053 0.028065 0.031593
0 0.562627 0.451282 0.030042 0.032967
0 0.612881 0.459848 0.029898 0.033550
0 0.612881 0.492587 0.031767 0.028680
0 0.651422 0.462013 0.045314 0.033550
0 0.651209 0.493669 0.043020 0.029762
0 0.612981 0.524107 0.031261 0.031746
0 0.651736 0.525099 0.045392 0.030754
0 0.613623 0.556845 0.030832 0.030754
0 0.652378 0.555853 0.046677 0.028770
0 0.613195 0.586607 0.029976 0.027778
0 0.652164 0.586607 0.047962 0.027778
0 0.613838 0.617014 0.029548 0.030258
0 0.651522 0.617262 0.046677 0.029762
0 0.615336 0.649504 0.029120 0.031746
0 0.652592 0.649008 0.045392 0.029762
0 0.615979 0.681746 0.031261 0.031746
0 0.653020 0.680506 0.046249 0.032242
0 0.617263 0.710516 0.031261 0.029762
0 0.654519 0.712004 0.044964 0.030754
0 0.617477 0.743502 0.028263 0.032242
0 0.653877 0.743750 0.044536 0.032738
0 0.617263 0.775198 0.026978 0.031746
0 0.654305 0.776439 0.047105 0.031250
0 0.618334 0.805456 0.028263 0.030754
0 0.654947 0.806696 0.046677 0.029266
0 0.618976 0.836210 0.026978 0.031746
0 0.654733 0.836954 0.044536 0.029266
0 0.619190 0.869444 0.028263 0.031746
0 0.655376 0.868700 0.044964 0.030258
0 0.618334 0.900645 0.026550 0.029266
0 0.654947 0.899157 0.046677 0.030258
0 0.619619 0.932391 0.027407 0.031250
0 0.655162 0.932639 0.045392 0.032738
0 0.694987 0.461905 0.041110 0.031746
0 0.695629 0.493155 0.043251 0.029762
0 0.695843 0.524901 0.042823 0.030754
0 0.696272 0.556448 0.043679 0.030754
0 0.695415 0.586954 0.046249 0.029266
0 0.696700 0.616468 0.044536 0.029762
0 0.696700 0.648313 0.046249 0.032738
0 0.697342 0.680804 0.045820 0.031250
0 0.696914 0.711806 0.046677 0.028770
0 0.697556 0.742808 0.046249 0.030258
0 0.697556 0.775446 0.046249 0.031250
0 0.697342 0.806200 0.046677 0.030258
0 0.697128 0.835962 0.048818 0.030258
0 0.697984 0.867411 0.048818 0.030258
0 0.698199 0.898413 0.048390 0.028770
0 0.698199 0.931647 0.048390 0.035714
0 0.746160 0.931647 0.048390 0.038690
0 0.793480 0.930903 0.046249 0.038194
0 0.832277 0.930903 0.031689 0.038194
0 0.746203 0.897421 0.047962 0.028770
0 0.793308 0.897669 0.045392 0.030258
0 0.831206 0.897173 0.030404 0.028274
0 0.747274 0.866667 0.047533 0.031746
0 0.793522 0.866667 0.044964 0.031746
0 0.830564 0.866915 0.029976 0.032242
0 0.746845 0.835913 0.049246 0.029762
0 0.793736 0.835169 0.043679 0.029266
0 0.830136 0.835417 0.029120 0.028770
0 0.746203 0.805655 0.049675 0.028770
0 0.793522 0.805159 0.044108 0.028770
0 0.830564 0.804911 0.029120 0.030258
0 0.746203 0.775149 0.049675 0.030258
0 0.793736 0.775397 0.043679 0.030754
0 0.829708 0.775645 0.026550 0.027282
0 0.745989 0.742659 0.048390 0.033730
0 0.792452 0.742907 0.042823 0.033234
0 0.828423 0.743155 0.026550 0.035714
0 0.745132 0.711607 0.050103 0.028770
0 0.792238 0.711607 0.042395 0.028770
0 0.828209 0.711111 0.027835 0.027778
0 0.745989 0.681498 0.050959 0.030258
0 0.792880 0.680506 0.041110 0.030258
0 0.827352 0.680754 0.025266 0.029762
0 0.744918 0.649008 0.047962 0.032738
0 0.791381 0.649256 0.044108 0.032242
0 0.826710 0.649008 0.025694 0.030754
0 0.742777 0.617063 0.046249 0.028770
0 0.789026 0.617560 0.044536 0.028770
0 0.826282 0.617560 0.027407 0.028770
0 0.742991 0.587302 0.046677 0.028770
0 0.789026 0.588046 0.043679 0.029266
0 0.825854 0.588046 0.029120 0.029266
0 0.742563 0.557639 0.048390 0.028770
0 0.788384 0.558383 0.043251 0.029266
0 0.824569 0.558631 0.028263 0.026786
0 0.741707 0.526885 0.047533 0.030754
0 0.787955 0.526885 0.043251 0.029762
0 0.824355 0.528125 0.028691 0.030258
0 0.741707 0.495387 0.047533 0.031250
0 0.786885 0.495635 0.042823 0.030754
0 0.823927 0.496875 0.029548 0.030258
0 0.740679 0.462798 0.047533 0.030754
0 0.786499 0.463294 0.042395 0.030754
0 0.823327 0.464782 0.029548 0.030754
0 0.871624 0.929945 0.032018 0.035714
0 0.901270 0.929716 0.025694 0.035256
0 0.925383 0.929487 0.022531 0.034799
0 0.952855 0.928800 0.030042 0.033425
0 0.981514 0.928571 0.024903 0.034799
0 0.872217 0.895833 0.032414 0.030678
0 0.900480 0.897207 0.024903 0.030678
0 0.926173 0.895604 0.024903 0.029304
0 0.953053 0.896291 0.029647 0.030678
0 0.981514 0.895604 0.024903 0.029304
0 0.871821 0.864011 0.030832 0.030220
0 0.899887 0.864469 0.022927 0.032967
0 0.924592 0.863782 0.024903 0.031593
0 0.952855 0.863782 0.030042 0.031593
0 0.980723 0.863553 0.024113 0.032967
0 0.872019 0.833333 0.029647 0.029304
0 0.871624 0.803342 0.028856 0.029762
0 0.870833 0.772894 0.027275 0.028388
0 0.869845 0.743544 0.026880 0.027930
0 0.899294 0.832601 0.024113 0.029304
0 0.925185 0.832830 0.025298 0.029762
0 0.952658 0.832372 0.029647 0.029762
0 0.980130 0.831914 0.024508 0.027015
0 0.899491 0.802610 0.025298 0.027930
0 0.925383 0.802381 0.024903 0.029304
0 0.952855 0.803297 0.028461 0.028388
0 0.978944 0.804212 0.022927 0.027473
0 0.899689 0.773535 0.028065 0.029304
0 0.926964 0.773535 0.024113 0.027473
0 0.952855 0.775595 0.026880 0.028846
0 0.978944 0.775366 0.024508 0.029304
0 0.898503 0.743773 0.028856 0.028388
0 0.926569 0.744231 0.024903 0.029304
0 0.953053 0.745147 0.024113 0.030220
0 0.978747 0.745147 0.024903 0.030220
0 0.869647 0.715339 0.027275 0.027015
0 0.897317 0.715110 0.027275 0.027473
0 0.923802 0.714881 0.024903 0.026099
0 0.949298 0.715568 0.025298 0.027473
0 0.976573 0.716026 0.026880 0.028388
0 0.870438 0.685348 0.030437 0.032051
0 0.897317 0.684432 0.026484 0.031136
0 0.923406 0.684661 0.025694 0.031593
0 0.949495 0.685577 0.025694 0.032509
0 0.975584 0.685348 0.026484 0.032051
0 0.868461 0.653297 0.028065 0.031136
0 0.896922 0.652610 0.026484 0.028846
0 0.922418 0.653068 0.023717 0.028846
0 0.947321 0.653526 0.025298 0.030678
0 0.974201 0.653526 0.025298 0.030678
0 0.867868 0.621474 0.027670 0.030678
0 0.867275 0.591255 0.026484 0.029762
0 0.866287 0.561951 0.026089 0.027015
0 0.865497 0.532418 0.025298 0.031136
0 0.895934 0.621474 0.026880 0.029762
0 0.894748 0.590339 0.026880 0.031593
0 0.892574 0.561722 0.025694 0.026557
0 0.890993 0.531731 0.024903 0.030678
0 0.922220 0.622390 0.024113 0.030678
0 0.921430 0.591026 0.024113 0.031136
0 0.919849 0.561035 0.026484 0.026099
0 0.918465 0.532418 0.027670 0.031136
0 0.947321 0.622161 0.025298 0.030220
0 0.974003 0.622161 0.026484 0.029304
0 0.946728 0.591484 0.024113 0.030220
0 0.973608 0.591712 0.027275 0.028846
0 0.946531 0.563553 0.026880 0.025641
0 0.973410 0.563553 0.026880 0.025641
0 0.946728 0.534478 0.027275 0.032509
0 0.972817 0.534707 0.025694 0.032051
0 0.865497 0.501282 0.026089 0.030220
0 0.891783 0.501969 0.024903 0.027015
0 0.918663 0.502427 0.028856 0.027015
0 0.946531 0.503571 0.026880 0.026557
0 0.972224 0.504487 0.023717 0.027473
0 0.865497 0.470375 0.026880 0.028846
0 0.891586 0.471978 0.025298 0.032051
0 0.918663 0.472436 0.028856 0.032967
0 0.946531 0.473123 0.026089 0.032509
0 0.972027 0.473123 0.023322 0.035256
0 0.982438 0.965966 0.027205 0.037815
0 0.953645 0.965704 0.027659 0.038340
0 0.926667 0.966492 0.025391 0.038866
0 0.897875 0.967017 0.029472 0.037815
0 0.870897 0.967017 0.024485 0.036765