2 0.074286 0.055442 0.054603 0.075059
2 0.119048 0.059148 0.048889 0.071353
2 0.184444 0.062391 0.090794 0.074133
2 0.279365 0.062391 0.097778 0.074133
2 0.352063 0.065171 0.048889 0.068573
2 0.408889 0.065171 0.064762 0.068573
2 0.070159 0.120308 0.057778 0.067646
2 0.116825 0.123551 0.044444 0.068573
2 0.183175 0.124941 0.093333 0.071353
2 0.277778 0.131891 0.099683 0.070426
2 0.350159 0.131891 0.052698 0.070426
2 0.406667 0.133744 0.064127 0.068573
2 0.067937 0.185637 0.053333 0.068573
2 0.114603 0.187490 0.045079 0.064866
2 0.181270 0.190733 0.093333 0.071353
2 0.273651 0.192123 0.100317 0.068573
2 0.346984 0.193513 0.051429 0.065793
2 0.402540 0.196757 0.064762 0.070426
2 0.065714 0.247259 0.057778 0.067646
2 0.113333 0.247259 0.046349 0.067646
2 0.179048 0.251893 0.092698 0.071353
2 0.270159 0.258379 0.102222 0.071353
2 0.343492 0.259769 0.053333 0.068573
2 0.402222 0.262086 0.069206 0.071353
2 0.060952 0.308419 0.053333 0.067646
2 0.107937 0.313515 0.048254 0.064866
2 0.174921 0.315369 0.093333 0.074133
2 0.267937 0.321392 0.101587 0.067646
2 0.342540 0.326489 0.051429 0.070426
2 0.399048 0.325099 0.066667 0.067646
2 0.058095 0.375138 0.055238 0.067646
2 0.105079 0.378381 0.046349 0.074133
2 0.170476 0.379771 0.093333 0.071353
2 0.266032 0.386721 0.106667 0.077839
2 0.340635 0.386721 0.051429 0.064866
2 0.396190 0.391355 0.068571 0.068573
2 0.056190 0.440467 0.051429 0.068573
2 0.100635 0.440467 0.046349 0.068573
2 0.168571 0.445101 0.093333 0.070426
2 0.261905 0.448344 0.102222 0.076913
2 0.335873 0.451587 0.050794 0.070426
2 0.392698 0.454831 0.066667 0.071353
0 0.053968 0.502090 0.046984 0.067646
0 0.098413 0.503480 0.046984 0.064866
0 0.163810 0.509967 0.092698 0.070426
0 0.260317 0.508577 0.104127 0.067646
2 0.333968 0.514005 0.050794 0.067383
2 0.391746 0.519697 0.064762 0.071353
0 0.051746 0.566956 0.046349 0.067646
0 0.096190 0.568809 0.046349 0.071353
0 0.043810 0.630432 0.050794 0.070426
0 0.091429 0.631822 0.044444 0.075059
0 0.040317 0.695298 0.048889 0.064866
0 0.089206 0.695298 0.048889 0.064866
0 0.033651 0.763407 0.053333 0.071353
0 0.083492 0.763407 0.046349 0.071353
0 0.161270 0.572979 0.091429 0.074133
0 0.159048 0.639235 0.090794 0.071353
0 0.155873 0.704101 0.093333 0.071353
0 0.153651 0.767114 0.088889 0.080619
0 0.256825 0.577613 0.099683 0.077839
0 0.253651 0.642479 0.102222 0.059306
0 0.252381 0.709198 0.099683 0.068573
0 0.247937 0.775454 0.099683 0.071353
2 0.032334 0.832558 0.047031 0.063493
2 0.078483 0.830413 0.045267 0.066067
2 0.150500 0.839851 0.090535 0.059203
2 0.330688 0.582446 0.048795 0.069499
2 0.387125 0.583733 0.064080 0.072073
2 0.326867 0.648085 0.049383 0.063493
2 0.383010 0.648514 0.067607 0.069499
2 0.325691 0.711578 0.051734 0.068641
2 0.382128 0.714581 0.065844 0.069499
2 0.321576 0.783222 0.047031 0.078079
2 0.378013 0.786225 0.065844 0.072073
2 0.321576 0.846286 0.038801 0.048049
2 0.374780 0.854008 0.067607 0.056629
2 0.472957 0.068924 0.069959 0.075505
2 0.542622 0.071498 0.074074 0.075505
2 0.606702 0.072785 0.057613 0.078079
2 0.654027 0.073214 0.045267 0.072073
2 0.725162 0.074930 0.097002 0.068641
2 0.470899 0.136278 0.065844 0.071215
2 0.540858 0.134991 0.074074 0.068641
2 0.603469 0.137565 0.055850 0.068641
2 0.654321 0.137994 0.049383 0.069499
2 0.725162 0.142713 0.097002 0.072073
2 0.467666 0.200629 0.072310 0.069499
2 0.537625 0.202345 0.075838 0.066067
2 0.601705 0.204062 0.055850 0.069499
2 0.651088 0.207065 0.047619 0.068641
2 0.723986 0.208352 0.098178 0.066067
2 0.465608 0.264123 0.068195 0.064351
2 0.534685 0.265410 0.078189 0.072073
2 0.599353 0.268413 0.055850 0.066067
2 0.649912 0.271416 0.045267 0.072073
2 0.723986 0.274419 0.098178 0.066067
2 0.464727 0.330619 0.073486 0.068641
2 0.534685 0.328903 0.073486 0.072073
2 0.596414 0.333622 0.053498 0.069499
2 0.645797 0.336625 0.045267 0.068641
2 0.719577 0.336625 0.102293 0.063493
2 0.463257 0.396686 0.071723 0.068641
2 0.531452 0.396686 0.076426 0.068641
2 0.594944 0.399260 0.055262 0.072073
2 0.646384 0.402263 0.047619 0.066067
2 0.717813 0.403550 0.098765 0.068641
2 0.457084 0.458034 0.075838 0.071215
2 0.527925 0.462324 0.077601 0.069499
2 0.592593 0.464040 0.059965 0.066067
2 0.642269 0.467043 0.047619 0.065209
2 0.714286 0.473049 0.096414 0.072073
0 0.454733 0.527104 0.072310 0.065209
0 0.526161 0.530107 0.074074 0.072931
0 0.590829 0.531394 0.055262 0.068641
0 0.642269 0.534826 0.047619 0.068641
0 0.712522 0.536114 0.101117 0.066067
0 0.453263 0.589310 0.071723 0.074647
0 0.525279 0.595317 0.075838 0.069499
0 0.587008 0.596604 0.059377 0.072073
2 0.638448 0.601323 0.047031 0.074647
0 0.708407 0.605613 0.096414 0.078079
0 0.451205 0.656665 0.072310 0.072073
0 0.523222 0.659668 0.071723 0.071215
0 0.585832 0.665674 0.057025 0.071215
2 0.637272 0.668677 0.044680 0.077221
0 0.709289 0.674683 0.098178 0.072073
0 0.448854 0.721445 0.067607 0.062635
0 0.519988 0.724448 0.069959 0.068641
0 0.583774 0.731312 0.054086 0.072073
2 0.635215 0.737747 0.045267 0.066067
0 0.707231 0.739034 0.098765 0.068641
2 0.519988 0.799095 0.069959 0.075505
0 0.447384 0.793089 0.074074 0.080653
2 0.583186 0.799095 0.057613 0.080653
2 0.635802 0.806817 0.042916 0.072073
2 0.706643 0.814540 0.098765 0.080653
2 0.443269 0.859585 0.065844 0.062635
2 0.631393 0.871598 0.047031 0.050623
2 0.705467 0.874172 0.101117 0.050623
2 0.799824 0.074501 0.053498 0.069499
2 0.857731 0.074072 0.065844 0.063493
2 0.916226 0.077075 0.055850 0.069499
2 0.970899 0.074501 0.048795 0.069499
2 0.798060 0.140139 0.053498 0.066925
2 0.858613 0.141426 0.067607 0.069499
2 0.916226 0.144858 0.051146 0.069499
2 0.967960 0.144429 0.051146 0.068641
2 0.796002 0.208352 0.049383 0.066067
2 0.855673 0.208781 0.069959 0.066925
2 0.913286 0.211784 0.053498 0.066067
2 0.964727 0.210497 0.052910 0.068641
2 0.796884 0.274419 0.047619 0.069499
2 0.854497 0.276135 0.067607 0.066067
2 0.913286 0.278709 0.053498 0.066067
2 0.965608 0.280425 0.051146 0.062635
2 0.793651 0.340915 0.049383 0.066925
2 0.851558 0.342202 0.069959 0.074647
2 0.912111 0.343918 0.055850 0.066067
2 0.962669 0.345205 0.053498 0.068641
2 0.790711 0.405695 0.051734 0.074647
2 0.849500 0.408698 0.065844 0.068641
2 0.909171 0.411272 0.053498 0.068641
1 0.960611 0.412988 0.052910 0.072073
2 0.789536 0.474336 0.049383 0.069499
2 0.849206 0.475623 0.069959 0.072073
2 0.907995 0.477768 0.051146 0.074647
2 0.959436 0.480343 0.055262 0.069499
2 0.787772 0.542978 0.049383 0.066067
2 0.846267 0.544265 0.067607 0.075505
2 0.783951 0.607329 0.053498 0.074647
2 0.844503 0.608616 0.067607 0.072073
2 0.783657 0.674683 0.049383 0.072073
2 0.841270 0.677686 0.069371 0.071215
2 0.782775 0.739463 0.051146 0.057487
2 0.842446 0.746756 0.071723 0.072073
2 0.782481 0.814111 0.055262 0.081511
2 0.845385 0.818830 0.065844 0.084086
2 0.842152 0.892619 0.064080 0.068641
0 0.906232 0.550700 0.051146 0.062635
0 0.956790 0.549413 0.053498 0.072073
0 0.902704 0.615480 0.053498 0.072073
0 0.955614 0.617196 0.059377 0.075505
0 0.900941 0.684979 0.053498 0.072073
0 0.953263 0.690985 0.051146 0.072073
0 0.902116 0.754049 0.051146 0.066067
0 0.953557 0.755765 0.051734 0.069499
0 0.902116 0.824407 0.047619 0.074647
0 0.954145 0.827839 0.049383 0.069499
2 0.901235 0.896909 0.049383 0.068641
2 0.949148 0.898196 0.047619 0.066067