1 0.084580 0.204827 0.106333 0.122525
1 0.239124 0.209158 0.177522 0.133663
1 0.067910 0.336634 0.127059 0.136139
1 0.231014 0.350866 0.188336 0.144802
1 0.453592 0.195545 0.231590 0.126238
1 0.650488 0.181312 0.149587 0.134901
1 0.823054 0.169554 0.184731 0.150990
1 0.961765 0.163366 0.076470 0.160891
1 0.452240 0.350866 0.237898 0.147277
1 0.652741 0.340965 0.164906 0.159653
1 0.828911 0.339109 0.200050 0.188119
1 0.955970 0.338490 0.086508 0.186881
1 0.052203 0.475866 0.104405 0.154703
1 0.049499 0.665223 0.098998 0.233911
1 0.210288 0.495050 0.202754 0.168317
1 0.197221 0.689975 0.210864 0.238861
1 0.437372 0.503094 0.247810 0.172030
1 0.433767 0.727104 0.258623 0.288366
1 0.649137 0.516708 0.181127 0.184406
1 0.655895 0.742574 0.189237 0.316832
1 0.836571 0.524134 0.200951 0.196782
1 0.847384 0.776609 0.206358 0.332921
1 0.963117 0.534035 0.073766 0.201733
1 0.968135 0.786510 0.053166 0.323020