2 0.072628 0.303776 0.034425 0.074004
2 0.135181 0.309383 0.036944 0.067277
1 0.047019 0.205104 0.031906 0.060549
1 0.075147 0.189406 0.032746 0.051579
1 0.106633 0.190527 0.030227 0.062792
1 0.134761 0.181557 0.036104 0.067277
1 0.165407 0.181557 0.033585 0.062792
1 0.202351 0.178193 0.041982 0.069519
1 0.235516 0.174829 0.037783 0.067277
1 0.268262 0.171465 0.049538 0.074004
1 0.305206 0.149040 0.041142 0.065034
1 0.337531 0.145676 0.038623 0.067277
1 0.372376 0.145676 0.042821 0.071762
1 0.407221 0.138948 0.038623 0.076247
1 0.442485 0.141191 0.047019 0.067277
1 0.481528 0.142312 0.039463 0.074004
1 0.517212 0.141191 0.038623 0.062792
1 0.558774 0.118765 0.039463 0.076247
1 0.596977 0.122129 0.040302 0.069519
1 0.635600 0.117644 0.035264 0.060549
1 0.669605 0.115401 0.037783 0.065034
1 0.705709 0.126614 0.037783 0.056064
1 0.740974 0.131099 0.037783 0.065034
1 0.777918 0.121008 0.039463 0.071762
1 0.816541 0.112038 0.039463 0.067277
1 0.850546 0.112038 0.036944 0.071762
1 0.884971 0.116523 0.040302 0.067277
1 0.922754 0.126614 0.028547 0.056064
1 0.951721 0.124372 0.031066 0.065034
1 0.981108 0.134463 0.026029 0.058306
1 0.045760 0.266774 0.024349 0.053821
1 0.075147 0.254440 0.032746 0.069519
1 0.102435 0.246591 0.033585 0.062792
1 0.133501 0.249955 0.033585 0.069519
1 0.167086 0.244348 0.031906 0.062792
1 0.199832 0.244348 0.036944 0.071762
1 0.231318 0.235378 0.036104 0.067277
1 0.266583 0.238742 0.039463 0.074004
1 0.303526 0.220802 0.037783 0.069519
1 0.335432 0.214074 0.041142 0.078490
1 0.374055 0.212953 0.037783 0.071762
1 0.411419 0.216316 0.036944 0.060549
1 0.448363 0.215195 0.036944 0.067277
1 0.484047 0.210710 0.037783 0.071762
1 0.520571 0.214074 0.035264 0.060549
1 0.557515 0.196133 0.043661 0.074004
1 0.595718 0.188284 0.039463 0.062792
1 0.631402 0.193891 0.041982 0.078490
1 0.671704 0.197255 0.036944 0.076247
1 0.709068 0.206225 0.034425 0.058306
1 0.741814 0.198376 0.039463 0.069519
1 0.777498 0.199497 0.038623 0.080732
1 0.814442 0.180436 0.038623 0.060549
1 0.853065 0.180436 0.036944 0.069519
1 0.882872 0.179314 0.039463 0.062792
1 0.921075 0.189406 0.035264 0.069519
1 0.947943 0.187163 0.033585 0.069519
1 0.976910 0.200619 0.031066 0.069519
1 0.045340 0.329566 0.026868 0.062792
1 0.103275 0.314989 0.026868 0.065034
1 0.168346 0.307140 0.032746 0.058306
1 0.201931 0.307140 0.032746 0.058306
1 0.235516 0.306019 0.039463 0.074004
1 0.268262 0.298170 0.037783 0.049336
1 0.304786 0.285836 0.036944 0.065034
1 0.335852 0.283593 0.036944 0.056064
1 0.374475 0.285836 0.045340 0.060549
1 0.412259 0.288078 0.035264 0.056064
1 0.446683 0.279108 0.036944 0.065034
1 0.482368 0.275744 0.042821 0.067277
1 0.520991 0.281351 0.037783 0.060549
1 0.557515 0.257804 0.040302 0.062792
1 0.594039 0.260046 0.037783 0.076247
1 0.632662 0.262289 0.042821 0.076247
1 0.668346 0.263410 0.036944 0.069519
1 0.705709 0.267895 0.041142 0.065034
1 0.744332 0.267895 0.034425 0.060549
1 0.778757 0.274623 0.034425 0.056064
1 0.812343 0.249955 0.039463 0.065034
1 0.847607 0.256683 0.042821 0.074004
1 0.883711 0.253319 0.042821 0.067277
1 0.917716 0.252197 0.035264 0.069519
1 0.950042 0.256683 0.032746 0.056064
1 0.979009 0.263410 0.023510 0.060549
1 0.044920 0.394600 0.032746 0.058306
1 0.073887 0.384508 0.030227 0.056064
1 0.106213 0.378902 0.036104 0.053821
1 0.136440 0.376659 0.027708 0.067277
1 0.165407 0.367689 0.033585 0.058306
1 0.201092 0.377781 0.037783 0.065034
1 0.232158 0.371053 0.037783 0.069519
1 0.267422 0.372174 0.036104 0.053821
1 0.301427 0.351991 0.036944 0.062792
1 0.337531 0.348627 0.036944 0.065034
1 0.373216 0.345264 0.037783 0.053821
1 0.409740 0.344142 0.036944 0.060549
1 0.445424 0.349749 0.041142 0.071762
1 0.481948 0.346385 0.035264 0.065034
1 0.519731 0.344142 0.047019 0.065034
1 0.557935 0.327323 0.036104 0.062792
1 0.594039 0.330687 0.037783 0.065034
1 0.630563 0.329566 0.043661 0.058306
1 0.666247 0.331808 0.042821 0.062792
1 0.704450 0.331808 0.038623 0.062792
1 0.741394 0.337415 0.038623 0.065034
1 0.776238 0.331808 0.029387 0.049336
1 0.812762 0.316110 0.040302 0.067277
1 0.850126 0.319474 0.039463 0.065034
1 0.885810 0.317232 0.035264 0.065034
1 0.920655 0.320595 0.032746 0.058306
1 0.951721 0.325081 0.034425 0.053821
1 0.981108 0.329566 0.026029 0.067277
1 0.043241 0.456270 0.034425 0.051579
1 0.070109 0.438330 0.036104 0.065034
1 0.102015 0.436087 0.034425 0.069519
1 0.137699 0.442815 0.028547 0.051579
1 0.167926 0.434966 0.033585 0.062792
1 0.201931 0.437208 0.037783 0.067277
1 0.235516 0.431602 0.032746 0.060549
1 0.268262 0.437208 0.037783 0.067277
1 0.303526 0.417025 0.034425 0.067277
1 0.339211 0.417025 0.035264 0.062792
1 0.375735 0.410298 0.036104 0.067277
1 0.408900 0.410298 0.047019 0.076247
1 0.446264 0.412540 0.036104 0.058306
1 0.485306 0.413662 0.041982 0.069519
1 0.521830 0.414783 0.037783 0.067277
1 0.556675 0.396842 0.035264 0.067277
1 0.594458 0.400206 0.043661 0.060549
1 0.633921 0.395721 0.036944 0.060549
1 0.670025 0.402449 0.036944 0.065034
1 0.707809 0.397964 0.040302 0.065034
1 0.739715 0.405813 0.035264 0.062792
1 0.775819 0.401327 0.048699 0.071762
1 0.814022 0.382266 0.034425 0.074004
1 0.850126 0.383387 0.042821 0.076247
1 0.884551 0.382266 0.037783 0.082975
1 0.917296 0.388993 0.036104 0.069519
1 0.949622 0.386751 0.036944 0.074004
1 0.979009 0.393479 0.023510 0.065034
1 0.045760 0.515698 0.031066 0.062792
1 0.075567 0.502243 0.030227 0.053821
1 0.104534 0.501121 0.029387 0.060549
1 0.134341 0.502243 0.035264 0.067277
1 0.165827 0.496636 0.037783 0.060549
1 0.197733 0.506728 0.032746 0.067277
1 0.233417 0.504485 0.038623 0.062792
1 0.264064 0.502243 0.041142 0.058306
1 0.304786 0.483181 0.031906 0.060549
1 0.337531 0.480938 0.036944 0.056064
1 0.372376 0.478696 0.037783 0.060549
1 0.408060 0.473089 0.041982 0.071762
1 0.446683 0.478696 0.035264 0.060549
1 0.485306 0.483181 0.033585 0.060549
1 0.517212 0.486545 0.038623 0.067277
1 0.557095 0.468604 0.039463 0.058306
1 0.594458 0.465240 0.038623 0.060549
1 0.633921 0.465240 0.033585 0.065034
1 0.670865 0.464119 0.036944 0.062792
1 0.706969 0.461877 0.038623 0.067277
1 0.740974 0.467483 0.034425 0.056064
1 0.740134 0.530275 0.037783 0.069519
1 0.703610 0.530275 0.035264 0.051579
1 0.663308 0.533638 0.036944 0.053821
1 0.631822 0.533638 0.039463 0.062792
1 0.591520 0.526911 0.037783 0.071762
1 0.555416 0.528032 0.037783 0.065034
1 0.518472 0.552700 0.044500 0.056064
1 0.481108 0.549336 0.040302 0.080732
1 0.443745 0.545972 0.042821 0.069519
1 0.406801 0.549336 0.041142 0.067277
1 0.371537 0.548215 0.039463 0.065034
1 0.338791 0.549336 0.036104 0.062792
1 0.303107 0.547094 0.036944 0.058306
1 0.265743 0.570641 0.044500 0.069519
1 0.232997 0.567277 0.039463 0.058306
1 0.201092 0.568398 0.042821 0.065034
1 0.163308 0.559428 0.034425 0.065034
1 0.133501 0.563913 0.041982 0.065034
1 0.100336 0.567277 0.032746 0.058306
1 0.072628 0.570641 0.027708 0.060549
1 0.049118 0.584096 0.029387 0.056064
1 0.049538 0.634553 0.028547 0.044851
1 0.073048 0.631190 0.026868 0.047094
1 0.104534 0.630068 0.027708 0.053821
1 0.134761 0.627826 0.036104 0.067277
1 0.164148 0.634553 0.032746 0.058306
1 0.197733 0.635675 0.039463 0.065034
1 0.230479 0.633432 0.034425 0.056064
1 0.267422 0.630068 0.039463 0.062792
1 0.303107 0.608764 0.038623 0.065034
1 0.339211 0.612128 0.035264 0.071762
1 0.375315 0.612128 0.035264 0.058306
1 0.409320 0.611007 0.039463 0.065034
1 0.446683 0.617734 0.043661 0.074004
1 0.478589 0.618856 0.035264 0.067277
1 0.519731 0.617734 0.047019 0.065034
1 0.558774 0.600915 0.039463 0.067277
1 0.594039 0.595309 0.037783 0.065034
1 0.630982 0.603158 0.037783 0.067277
1 0.666247 0.602036 0.042821 0.069519
1 0.702351 0.600915 0.042821 0.058306
1 0.739715 0.599794 0.041982 0.074004
1 0.047019 0.692860 0.031906 0.058306
1 0.075567 0.691739 0.028547 0.051579
1 0.103275 0.693981 0.028547 0.051579
1 0.133921 0.693981 0.034425 0.056064
1 0.167086 0.699588 0.036944 0.067277
1 0.196474 0.696224 0.040302 0.060549
1 0.232158 0.700709 0.036104 0.056064
1 0.265743 0.697345 0.042821 0.058306
1 0.301427 0.681647 0.036944 0.062792
1 0.338791 0.685011 0.034425 0.065034
1 0.376154 0.681647 0.036944 0.062792
1 0.410999 0.687254 0.036104 0.074004
1 0.446264 0.683890 0.041142 0.071762
1 0.485306 0.685011 0.036944 0.069519
1 0.520991 0.687254 0.037783 0.078490
1 0.561293 0.661464 0.034425 0.062792
1 0.597817 0.672677 0.035264 0.067277
1 0.630563 0.667071 0.041982 0.069519
1 0.669605 0.665949 0.036104 0.058306
1 0.704450 0.665949 0.045340 0.067277
1 0.743913 0.670434 0.031906 0.058306
1 0.046599 0.757894 0.027708 0.044851
1 0.073048 0.756773 0.028547 0.056064
1 0.099496 0.759015 0.034425 0.074004
1 0.131822 0.765743 0.030227 0.042609
1 0.162469 0.771349 0.037783 0.076247
1 0.201092 0.766864 0.037783 0.058306
1 0.231738 0.765743 0.033585 0.051579
1 0.266583 0.759015 0.032746 0.051579
1 0.302267 0.751166 0.033585 0.049336
1 0.335432 0.751166 0.039463 0.058306
1 0.376574 0.748924 0.034425 0.049336
1 0.409320 0.751166 0.037783 0.049336
1 0.450042 0.755652 0.043661 0.058306
1 0.483627 0.755652 0.030227 0.062792
1 0.519312 0.757894 0.042821 0.067277
1 0.558354 0.738832 0.043661 0.060549
1 0.597817 0.739954 0.031906 0.058306
1 0.635181 0.745560 0.039463 0.074004
1 0.673804 0.743317 0.034425 0.065034
1 0.706549 0.737711 0.039463 0.067277
1 0.045760 0.818443 0.026029 0.062792
1 0.072208 0.812837 0.026868 0.051579
1 0.099496 0.826292 0.029387 0.056064
1 0.128883 0.830777 0.027708 0.051579
1 0.159530 0.834141 0.031906 0.049336
1 0.197733 0.831899 0.036104 0.053821
1 0.234257 0.834141 0.030227 0.049336
1 0.269521 0.833020 0.035264 0.047094
1 0.300168 0.819564 0.034425 0.051579
1 0.336272 0.819564 0.041142 0.060549
1 0.372376 0.820686 0.037783 0.067277
1 0.407221 0.822928 0.035264 0.062792
1 0.443325 0.815079 0.045340 0.056064
1 0.484467 0.822928 0.036944 0.062792
1 0.521411 0.821807 0.038623 0.060549
1 0.556675 0.809473 0.043661 0.062792
1 0.593199 0.801624 0.037783 0.065034
1 0.630143 0.802745 0.042821 0.062792
1 0.675063 0.801624 0.041982 0.069519
1 0.711167 0.800503 0.035264 0.058306
1 0.051637 0.878992 0.022670 0.058306
1 0.076826 0.878992 0.026029 0.067277
1 0.103694 0.887962 0.024349 0.053821
1 0.132662 0.894690 0.026868 0.067277
1 0.164148 0.894690 0.026029 0.053821
1 0.190596 0.893569 0.033585 0.065034
1 0.227540 0.896933 0.033585 0.058306
1 0.267422 0.902539 0.032746 0.051579
1 0.301008 0.889084 0.037783 0.078490
1 0.335432 0.893569 0.036104 0.069519
1 0.371117 0.894690 0.043661 0.071762
1 0.405542 0.890205 0.036944 0.067277
1 0.442065 0.891326 0.049538 0.078490
1 0.484887 0.898054 0.044500 0.069519
1 0.522670 0.884599 0.036104 0.074004
1 0.553317 0.875628 0.038623 0.074004
1 0.599076 0.883477 0.039463 0.053821
1 0.634761 0.877871 0.045340 0.091945
1 0.674223 0.880114 0.038623 0.074004
1 0.712846 0.882356 0.050378 0.082975
