0 0.030623 0.435948 0.033619 0.040459
0 0.097861 0.436707 0.033619 0.041976
0 0.065115 0.434937 0.025760 0.038436
0 0.130825 0.435948 0.026197 0.040459
0 0.032369 0.469327 0.027506 0.033379
0 0.065988 0.471097 0.027506 0.033885
0 0.097861 0.470085 0.027506 0.031862
0 0.130170 0.471097 0.027506 0.036919
0 0.033679 0.502959 0.027506 0.033885
0 0.065988 0.502200 0.027506 0.035402
0 0.098734 0.502959 0.029253 0.033885
0 0.132353 0.503717 0.025760 0.035402
0 0.033679 0.535073 0.027506 0.033379
0 0.066643 0.534062 0.026197 0.035402
0 0.099171 0.535832 0.033619 0.031862
0 0.130825 0.535073 0.028816 0.033379
0 0.035425 0.566935 0.027506 0.033379
0 0.066206 0.566935 0.026197 0.033379
0 0.099171 0.566682 0.030126 0.033885
0 0.131261 0.566935 0.027943 0.033379
0 0.034989 0.599302 0.030126 0.031356
0 0.067298 0.598291 0.027506 0.037425
0 0.099171 0.599302 0.024887 0.032367
0 0.131261 0.599049 0.030563 0.031862
0 0.033242 0.632428 0.027506 0.036919
0 0.067080 0.630658 0.027943 0.033379
0 0.098516 0.632175 0.028816 0.033379
0 0.131480 0.630405 0.033619 0.036919
0 0.034989 0.664795 0.030126 0.031862
0 0.065552 0.664037 0.030999 0.033379
0 0.098516 0.664290 0.034929 0.033885
0 0.131916 0.665048 0.031873 0.035402
0 0.034116 0.695140 0.037985 0.038942
0 0.067080 0.695140 0.033182 0.038942
0 0.098516 0.695140 0.032309 0.035908
0 0.130388 0.695393 0.032309 0.035402
0 0.034334 0.733323 0.038422 0.037425
0 0.067953 0.730795 0.038422 0.031356
0 0.098297 0.731553 0.035365 0.040965
0 0.130606 0.730795 0.037985 0.038436
0 0.033461 0.763415 0.036675 0.034896
0 0.066206 0.766196 0.034929 0.040459
0 0.097642 0.761898 0.036675 0.031862
0 0.131261 0.765185 0.034056 0.042482
0 0.033461 0.799069 0.036675 0.042482
0 0.066425 0.794518 0.029253 0.033379
0 0.099825 0.798058 0.041041 0.040459
0 0.131043 0.797046 0.033619 0.035402
0 0.033461 0.826632 0.036675 0.033885
0 0.067080 0.830931 0.036675 0.038436
0 0.099825 0.827138 0.028816 0.031862
0 0.131043 0.831184 0.033619 0.038942
0 0.034989 0.863551 0.039732 0.040965
0 0.065552 0.861275 0.033619 0.035402
0 0.100699 0.863804 0.033182 0.037425
0 0.132135 0.859253 0.028816 0.032367
0 0.034989 0.891114 0.033619 0.032367
0 0.068608 0.894654 0.033619 0.045517
0 0.101354 0.893137 0.031873 0.035402
0 0.132790 0.895413 0.030999 0.040965
0 0.034116 0.922217 0.031873 0.036919
0 0.067080 0.925757 0.034056 0.036919
0 0.100699 0.925757 0.030563 0.036919
0 0.133444 0.926516 0.032309 0.035402
0 0.034334 0.964699 0.034929 0.048045
1 0.068826 0.965711 0.030563 0.043999
0 0.100917 0.963688 0.033619 0.046022
0 0.132135 0.965205 0.028816 0.046022
0 0.154402 0.441258 0.018338 0.029839
0 0.156585 0.474890 0.022704 0.030344
0 0.154620 0.505234 0.021394 0.033379
0 0.155930 0.535326 0.021394 0.029839
0 0.155275 0.565165 0.022704 0.033885
0 0.156585 0.599302 0.022704 0.030344
0 0.155275 0.630405 0.026197 0.031862
0 0.155930 0.663784 0.018774 0.031862
0 0.155930 0.695646 0.021394 0.031862
0 0.155057 0.725990 0.019647 0.031862
0 0.155057 0.758610 0.023140 0.033379
0 0.155057 0.792748 0.023140 0.029839
0 0.155057 0.822586 0.023140 0.033885
0 0.155930 0.854448 0.021394 0.033885
0 0.155275 0.890103 0.020084 0.033379
0 0.155930 0.914125 0.021394 0.034896
0 0.176887 0.439741 0.031873 0.036919
0 0.210506 0.442270 0.031873 0.031862
0 0.241287 0.443281 0.032309 0.033885
0 0.271632 0.442270 0.029253 0.034896
0 0.176887 0.475901 0.025760 0.031356
0 0.208323 0.474890 0.033619 0.033379
0 0.240632 0.475901 0.033619 0.032367
0 0.271632 0.474890 0.029253 0.033379
0 0.180598 0.505993 0.024450 0.031862
0 0.208978 0.505234 0.032309 0.033379
0 0.240196 0.506752 0.033619 0.030344
0 0.271850 0.507763 0.028816 0.031356
0 0.179943 0.536085 0.031873 0.035402
0 0.208105 0.535326 0.036675 0.033885
0 0.240414 0.537096 0.033182 0.033379
0 0.270977 0.537855 0.030563 0.031862
0 0.179943 0.567440 0.029253 0.033379
0 0.210070 0.567440 0.033619 0.033379
0 0.240414 0.568199 0.033182 0.031862
0 0.269449 0.567440 0.030999 0.033379
0 0.180162 0.600819 0.028816 0.033379
0 0.210506 0.601072 0.031873 0.033885
0 0.240414 0.599302 0.027943 0.033379
0 0.269449 0.602084 0.030126 0.031862
0 0.197408 0.635715 0.061562 0.039448
0 0.241505 0.634957 0.027506 0.036919
0 0.269012 0.634198 0.033619 0.035402
0 0.181253 0.667577 0.025760 0.031356
0 0.208978 0.667830 0.032309 0.031862
0 0.240851 0.667830 0.028816 0.031862
0 0.269885 0.668588 0.029253 0.033379
0 0.181472 0.698680 0.028816 0.033885
0 0.212034 0.698680 0.034929 0.033885
0 0.240851 0.699439 0.028816 0.035402
0 0.269012 0.699439 0.033619 0.035402
0 0.183000 0.732059 0.029253 0.043999
0 0.208978 0.732312 0.028816 0.037425
0 0.254822 0.734082 0.065492 0.040965
0 0.181253 0.765185 0.029253 0.028321
0 0.211161 0.767208 0.036675 0.035402
0 0.240851 0.763415 0.028816 0.031862
0 0.272941 0.767966 0.035365 0.036919
0 0.183655 0.798817 0.030563 0.038942
0 0.213562 0.795276 0.029253 0.034896
0 0.240851 0.797046 0.032309 0.042482
0 0.272068 0.794518 0.027506 0.030344
0 0.181253 0.826379 0.025760 0.033379
0 0.213562 0.830678 0.031873 0.038942
0 0.241724 0.827897 0.030563 0.037425
0 0.272941 0.829920 0.035365 0.037425
0 0.180598 0.863551 0.030563 0.036919
0 0.210506 0.859000 0.029253 0.031862
0 0.241069 0.864563 0.029253 0.038942
0 0.272505 0.861528 0.033619 0.036919
0 0.182126 0.894401 0.033619 0.034896
0 0.211816 0.894149 0.035365 0.035402
0 0.243907 0.893643 0.028816 0.030344
0 0.272941 0.894401 0.029253 0.031862
0 0.181472 0.926010 0.028816 0.035402
0 0.212034 0.926769 0.034929 0.033885
0 0.243034 0.926010 0.030563 0.031356
0 0.272505 0.926263 0.027506 0.031862
0 0.182345 0.968492 0.030563 0.045517
0 0.213562 0.967734 0.029253 0.040965
1 0.244780 0.965964 0.030563 0.047540
0 0.274251 0.964952 0.029253 0.045517
0 0.298701 0.443281 0.021394 0.033885
0 0.326426 0.441258 0.030563 0.040965
0 0.358954 0.441511 0.031873 0.040459
0 0.387552 0.443787 0.030563 0.038942
0 0.418769 0.445051 0.031873 0.037425
0 0.448459 0.446821 0.027506 0.033885
0 0.476620 0.447580 0.028816 0.035402
0 0.506310 0.448339 0.030563 0.036919
0 0.535562 0.449097 0.030563 0.035402
0 0.297828 0.477419 0.019647 0.031356
0 0.327081 0.476660 0.031873 0.029839
0 0.357644 0.476407 0.031873 0.033379
0 0.387552 0.476407 0.030563 0.033379
0 0.418551 0.479189 0.034929 0.031862
0 0.449987 0.479189 0.024450 0.031862
0 0.476620 0.480200 0.026197 0.029839
0 0.505655 0.480200 0.029253 0.029839
0 0.536217 0.482729 0.031873 0.031862
0 0.297173 0.508775 0.024450 0.033379
0 0.327081 0.508775 0.035365 0.033379
0 0.358299 0.508775 0.030563 0.030344
0 0.388861 0.509533 0.027943 0.031862
0 0.419424 0.508775 0.036675 0.033379
0 0.450642 0.511556 0.025760 0.031862
0 0.475965 0.512315 0.027506 0.033379
0 0.504345 0.511303 0.029253 0.035402
0 0.533816 0.514843 0.036675 0.028321
0 0.298701 0.538866 0.021394 0.029839
0 0.327081 0.539625 0.035365 0.035402
0 0.359172 0.539625 0.032309 0.035402
0 0.387333 0.540636 0.033619 0.037425
0 0.419424 0.541395 0.034056 0.035908
0 0.449332 0.543418 0.025760 0.031862
0 0.475092 0.543165 0.031873 0.028321
0 0.507183 0.544935 0.032309 0.034896
0 0.537745 0.544935 0.028816 0.038942
0 0.296518 0.569716 0.023140 0.034896
0 0.327081 0.566935 0.035365 0.030344
0 0.358299 0.573256 0.030563 0.031862
0 0.387988 0.572245 0.028816 0.033885
0 0.417896 0.575027 0.037112 0.038436
0 0.448240 0.576797 0.030563 0.031862
0 0.475747 0.576797 0.034056 0.031862
0 0.505000 0.576797 0.030563 0.031862
0 0.535344 0.574015 0.030126 0.033379
0 0.297828 0.604107 0.023140 0.036919
0 0.329919 0.604107 0.034929 0.036919
0 0.361137 0.604107 0.030999 0.036919
0 0.389298 0.605118 0.028816 0.031862
0 0.417678 0.604107 0.030563 0.033885
0 0.448895 0.605118 0.031873 0.031862
0 0.477275 0.606130 0.030126 0.029839
0 0.505655 0.606635 0.031873 0.031862
0 0.537527 0.608658 0.029253 0.031862
0 0.297828 0.637233 0.023140 0.028321
0 0.330574 0.636980 0.030126 0.031862
0 0.359609 0.636980 0.027943 0.031862
0 0.389516 0.638750 0.031873 0.031356
0 0.419861 0.639761 0.028816 0.030344
0 0.448895 0.639508 0.031873 0.033885
0 0.480113 0.637991 0.030563 0.033885
0 0.507838 0.637991 0.027506 0.036919
0 0.536872 0.638750 0.033182 0.035402
0 0.298046 0.666313 0.022704 0.031862
0 0.326863 0.665554 0.034929 0.037425
0 0.361137 0.665301 0.033619 0.036919
0 0.389516 0.665554 0.031873 0.037425
0 0.419424 0.667071 0.030563 0.033379
0 0.447585 0.667071 0.029253 0.033379
0 0.479021 0.670106 0.033619 0.035402
0 0.507401 0.668841 0.029253 0.033885
0 0.537091 0.669853 0.033619 0.031862
0 0.298046 0.699439 0.022704 0.033379
0 0.327518 0.700197 0.033619 0.031862
0 0.359172 0.700197 0.032309 0.031862
0 0.388861 0.700197 0.030563 0.031862
0 0.420079 0.700197 0.031873 0.034896
0 0.448459 0.698427 0.033619 0.035402
0 0.477712 0.701209 0.033619 0.033885
0 0.507401 0.700197 0.029253 0.031862
0 0.537964 0.700197 0.031873 0.031862
0 0.300884 0.736105 0.023140 0.038942
0 0.330137 0.732565 0.025760 0.031862
0 0.362010 0.735852 0.031873 0.038436
0 0.390390 0.734082 0.030126 0.031862
0 0.420079 0.736105 0.031873 0.038942
0 0.448240 0.733323 0.030563 0.033379
0 0.479021 0.736863 0.033619 0.040459
0 0.507401 0.736105 0.029253 0.038942
0 0.535562 0.736863 0.034056 0.040459
0 0.301103 0.765185 0.022704 0.030344
0 0.301758 0.799828 0.030126 0.038942
0 0.301758 0.829667 0.024014 0.024781
0 0.301103 0.859758 0.028816 0.035402
0 0.332320 0.768472 0.027506 0.036919
0 0.358954 0.762403 0.031873 0.031862
0 0.391044 0.768725 0.034929 0.040459
0 0.420952 0.763415 0.030126 0.029839
0 0.450642 0.769484 0.031873 0.038942
0 0.477712 0.765943 0.027506 0.035908
0 0.508929 0.768725 0.034929 0.037425
0 0.537309 0.765943 0.030563 0.031862
0 0.332320 0.796035 0.027506 0.031356
0 0.359827 0.798817 0.027506 0.040965
0 0.389735 0.796035 0.028816 0.032367
0 0.420734 0.799828 0.030563 0.038942
0 0.449987 0.797046 0.030563 0.033379
0 0.478148 0.801345 0.029253 0.038942
0 0.505873 0.796035 0.032309 0.032367
0 0.539274 0.800334 0.031873 0.036919
0 0.332539 0.832195 0.030563 0.038942
0 0.359827 0.826885 0.027506 0.028321
0 0.390390 0.830678 0.030126 0.038942
0 0.420079 0.827897 0.025760 0.030344
0 0.449987 0.832448 0.030563 0.035402
0 0.478367 0.829667 0.026197 0.029839
0 0.506746 0.833207 0.030563 0.036919
0 0.537964 0.826379 0.035365 0.030344
0 0.330792 0.858241 0.030563 0.033379
0 0.362883 0.861528 0.027506 0.036919
0 0.391044 0.859758 0.028816 0.033379
0 0.421607 0.860770 0.028816 0.035402
0 0.449987 0.861781 0.030563 0.033379
0 0.479021 0.861023 0.027506 0.031862
0 0.506528 0.860011 0.030999 0.033885
0 0.538619 0.860011 0.033182 0.033885
0 0.302631 0.894401 0.031873 0.031862
0 0.333194 0.894401 0.031873 0.031862
0 0.362883 0.893643 0.030999 0.030344
0 0.392573 0.892631 0.029253 0.032367
0 0.421825 0.892631 0.031873 0.031356
0 0.450860 0.894401 0.032309 0.031862
0 0.480550 0.892884 0.030563 0.031862
0 0.511112 0.894401 0.030563 0.031862
0 0.539274 0.892884 0.029253 0.031862
0 0.303286 0.926263 0.034056 0.031862
0 0.331665 0.927022 0.028816 0.033379
0 0.362010 0.925252 0.031873 0.033885
0 0.393446 0.925252 0.027506 0.029839
0 0.422480 0.924493 0.027070 0.028321
0 0.451297 0.922723 0.030563 0.027816
0 0.482078 0.924240 0.027506 0.031862
0 0.510457 0.927022 0.030126 0.033379
0 0.539710 0.927022 0.027506 0.033379
0 0.303504 0.966217 0.030999 0.048045
2 0.334940 0.963688 0.031873 0.046022
2 0.364848 0.964446 0.030563 0.047540
0 0.393664 0.963435 0.030563 0.045517
0 0.425100 0.964194 0.028816 0.048045
1 0.454790 0.965205 0.030563 0.046022
0 0.482296 0.965205 0.030563 0.041976
0 0.511331 0.964194 0.030126 0.040965
0 0.539492 0.964194 0.028816 0.040965
0 0.563930 0.453649 0.030650 0.031558
0 0.566363 0.486334 0.032596 0.034939
0 0.565633 0.515075 0.034056 0.033812
0 0.565633 0.546633 0.030164 0.033812
0 0.566363 0.579036 0.028704 0.032122
0 0.566363 0.608340 0.032596 0.033249
0 0.567336 0.638490 0.030650 0.031558
0 0.568066 0.670330 0.029191 0.035503
0 0.567336 0.703015 0.030650 0.033249
0 0.567336 0.733446 0.030650 0.030995
0 0.569282 0.766413 0.030650 0.033812
0 0.569039 0.797971 0.030164 0.029304
0 0.571471 0.828402 0.029191 0.031558
0 0.570012 0.859115 0.029191 0.033249
0 0.569039 0.892364 0.027244 0.033249
0 0.566606 0.925331 0.032110 0.031558
2 0.568309 0.963370 0.028704 0.041138
0 0.614284 0.458721 0.025298 0.031558
0 0.615257 0.489434 0.027244 0.029868
0 0.614041 0.520147 0.028704 0.031558
0 0.614284 0.553395 0.025298 0.031558
0 0.615987 0.583826 0.028704 0.029304
0 0.615014 0.616793 0.026758 0.035503
0 0.615743 0.648352 0.029191 0.030995
0 0.615014 0.679065 0.026758 0.029304
0 0.615743 0.709496 0.029191 0.034939
0 0.615743 0.740772 0.029191 0.029868
0 0.615987 0.773176 0.028704 0.031558
0 0.618176 0.803043 0.027244 0.031558
0 0.617446 0.835165 0.028704 0.033812
0 0.617689 0.867005 0.025298 0.033249
0 0.618419 0.900254 0.023839 0.033249
0 0.619149 0.930121 0.025298 0.029868
0 0.657014 0.459246 0.021170 0.031452
0 0.682786 0.459246 0.023931 0.031452
0 0.705106 0.458447 0.020709 0.033051
0 0.728577 0.459246 0.026232 0.035716
0 0.753658 0.459513 0.021170 0.031985
0 0.776669 0.461112 0.025772 0.035183
0 0.799219 0.466709 0.019329 0.031452
0 0.822690 0.466709 0.023931 0.031452
0 0.657014 0.490964 0.021170 0.035183
0 0.683476 0.492297 0.022550 0.033584
0 0.704416 0.490964 0.023011 0.035183
0 0.728577 0.490964 0.028993 0.031985
0 0.752738 0.490964 0.019329 0.035183
0 0.775288 0.493097 0.025772 0.031985
0 0.799449 0.495762 0.019789 0.029852
0 0.822000 0.498427 0.022550 0.031985
0 0.683476 0.521883 0.022550 0.026654
0 0.706947 0.523749 0.020709 0.026121
0 0.656324 0.521083 0.022550 0.028253
0 0.727656 0.525614 0.027152 0.029852
0 0.753428 0.525614 0.017948 0.029852
0 0.775288 0.524548 0.025772 0.031985
0 0.799219 0.527480 0.019329 0.026121
0 0.821079 0.528546 0.024391 0.028253
0 0.656784 0.555467 0.017948 0.033051
0 0.685317 0.553867 0.022550 0.029852
0 0.707637 0.554667 0.019329 0.031452
0 0.730188 0.556266 0.025772 0.031452
0 0.752738 0.557599 0.019329 0.029852
0 0.775979 0.556533 0.027152 0.027720
0 0.799449 0.556533 0.018869 0.027720
0 0.821079 0.558399 0.024391 0.031452
0 0.659775 0.586918 0.021170 0.031985
0 0.685538 0.585394 0.025760 0.036919
0 0.706932 0.584636 0.019647 0.035402
0 0.730291 0.584636 0.030563 0.032367
0 0.755832 0.586406 0.019647 0.031862
0 0.778536 0.585647 0.029253 0.033379
0 0.800803 0.585647 0.024014 0.030344
0 0.822197 0.587164 0.024014 0.033379
0 0.659341 0.616750 0.023140 0.031862
0 0.687721 0.615992 0.024887 0.026298
0 0.708460 0.614980 0.020084 0.028321
0 0.730509 0.617509 0.030126 0.033379
0 0.754959 0.615992 0.024014 0.033379
0 0.777226 0.619532 0.025760 0.033379
0 0.799275 0.619279 0.018338 0.029839
0 0.822197 0.616750 0.030126 0.031862
0 0.660215 0.648865 0.021394 0.028321
0 0.686193 0.647853 0.024450 0.030344
0 0.709115 0.648612 0.021394 0.031862
0 0.730509 0.650382 0.027506 0.028321
0 0.754304 0.647853 0.022704 0.030344
0 0.777881 0.649370 0.027070 0.033379
0 0.800803 0.648612 0.018774 0.031862
0 0.823725 0.651140 0.024450 0.029839
0 0.660215 0.677692 0.021394 0.030344
0 0.687066 0.678956 0.022704 0.031862
0 0.707587 0.678956 0.018338 0.031862
0 0.730509 0.679462 0.027506 0.029839
0 0.755614 0.678703 0.020084 0.028321
0 0.780282 0.679715 0.025760 0.030344
0 0.799057 0.679715 0.021394 0.030344
0 0.822197 0.680473 0.027506 0.031862
0 0.660870 0.710312 0.020084 0.031862
0 0.688376 0.710312 0.020084 0.031862
0 0.709988 0.709553 0.023140 0.026298
0 0.733565 0.709301 0.027506 0.029839
0 0.755614 0.710312 0.020084 0.031862
0 0.779191 0.711071 0.024450 0.030344
0 0.802331 0.712082 0.018338 0.028321
0 0.823943 0.709553 0.027506 0.030344
0 0.661743 0.740404 0.018338 0.032367
0 0.688376 0.741415 0.020084 0.030344
0 0.708242 0.740404 0.019647 0.028321
0 0.732255 0.742174 0.027506 0.027816
0 0.755832 0.740404 0.017028 0.028321
0 0.778536 0.741415 0.025760 0.030344
0 0.802331 0.742427 0.018338 0.028321
0 0.823507 0.742174 0.027506 0.031862
0 0.688376 0.772518 0.020084 0.028827
0 0.661743 0.774288 0.018338 0.028321
0 0.710425 0.772518 0.021394 0.027816
0 0.733565 0.770748 0.024887 0.031356
0 0.755832 0.772518 0.019647 0.027816
0 0.780282 0.773530 0.025760 0.029839
0 0.803205 0.771759 0.020084 0.026298
0 0.825472 0.770748 0.024450 0.028321
0 0.661743 0.802104 0.015718 0.028321
0 0.688376 0.801345 0.020084 0.029839
0 0.709988 0.802104 0.019647 0.028321
0 0.733347 0.803115 0.024450 0.033379
0 0.755614 0.802357 0.020084 0.031862
0 0.781811 0.804633 0.028816 0.030344
0 0.804514 0.803621 0.022704 0.035402
0 0.825472 0.802104 0.024450 0.028321
0 0.663271 0.836494 0.021394 0.030344
0 0.688376 0.834724 0.020084 0.033885
0 0.711516 0.834724 0.020084 0.033885
0 0.734220 0.833966 0.026197 0.028321
0 0.758670 0.834977 0.020084 0.030344
0 0.781811 0.836747 0.028816 0.029839
0 0.805388 0.836747 0.018338 0.029839
0 0.826127 0.833966 0.025760 0.028321
0 0.663926 0.864057 0.020084 0.024781
0 0.687939 0.868609 0.018338 0.029839
0 0.709988 0.866586 0.017028 0.029839
0 0.735093 0.865827 0.030563 0.031356
0 0.760417 0.866586 0.020084 0.029839
0 0.783994 0.867597 0.024450 0.028827
0 0.806697 0.867597 0.018338 0.031862
0 0.827655 0.863046 0.022704 0.029839
0 0.689249 0.899459 0.018338 0.031862
0 0.662616 0.899459 0.022704 0.031862
0 0.710643 0.896930 0.018338 0.026804
0 0.735093 0.896677 0.030563 0.030344
0 0.760198 0.899459 0.019647 0.031862
0 0.784867 0.898447 0.028816 0.033885
0 0.805388 0.897689 0.018338 0.028321
0 0.827000 0.895919 0.027506 0.031862
0 0.664799 0.927022 0.020957 0.030344
0 0.687721 0.928539 0.021394 0.033379
0 0.736403 0.927022 0.024450 0.033379
0 0.761072 0.926010 0.015281 0.031356
0 0.782684 0.925252 0.024450 0.026804
0 0.804733 0.924493 0.017028 0.035402
0 0.827655 0.924240 0.028816 0.028827
0 0.761072 0.965964 0.021394 0.033379
0 0.785522 0.965964 0.027506 0.037425
0 0.807789 0.962424 0.017028 0.033379
0 0.830711 0.963182 0.020084 0.031862
1 0.689468 0.969251 0.025760 0.036919
0 0.863457 0.470338 0.028816 0.028321
0 0.893365 0.472867 0.021394 0.030344
0 0.919125 0.472867 0.027506 0.030344
0 0.948159 0.474890 0.030563 0.030344
0 0.972828 0.475396 0.027506 0.035402
0 0.864330 0.501441 0.030563 0.029839
0 0.894238 0.500430 0.025760 0.031862
0 0.920216 0.501441 0.028816 0.036919
0 0.947068 0.504223 0.027506 0.028321
0 0.972828 0.506499 0.027506 0.026804
0 0.864330 0.531786 0.030563 0.029839
0 0.894019 0.531786 0.028816 0.029839
0 0.919343 0.531786 0.027943 0.029839
0 0.947504 0.535326 0.025760 0.029839
0 0.975229 0.536337 0.028816 0.031862
0 0.862802 0.560866 0.027506 0.028321
0 0.893365 0.561624 0.027506 0.029839
0 0.920216 0.561877 0.026197 0.033379
0 0.946849 0.565165 0.024450 0.029839
0 0.974356 0.567188 0.024450 0.026804
0 0.867386 0.589946 0.030563 0.029839
0 0.894019 0.592727 0.026197 0.028321
0 0.919343 0.591716 0.024450 0.033379
0 0.945976 0.593486 0.026197 0.029839
0 0.971954 0.594245 0.029253 0.028321
0 0.867386 0.622819 0.030563 0.027816
0 0.896421 0.622566 0.027506 0.028321
0 0.920871 0.620037 0.027506 0.030344
0 0.946194 0.624589 0.023140 0.028321
0 0.973482 0.626359 0.026197 0.031862
0 0.868259 0.652911 0.026197 0.031356
0 0.894238 0.652911 0.023140 0.028321
0 0.921089 0.652152 0.024450 0.036919
0 0.947504 0.654681 0.025760 0.031862
0 0.974574 0.655692 0.027506 0.033885
0 0.868041 0.680726 0.025760 0.033379
0 0.892710 0.679715 0.026197 0.031356
0 0.919125 0.682496 0.027506 0.026804
0 0.948377 0.684014 0.027506 0.026804
0 0.972828 0.686037 0.027506 0.026804
0 0.866731 0.712588 0.029253 0.030344
0 0.894019 0.711324 0.028816 0.031862
0 0.920216 0.714358 0.028816 0.036919
0 0.949251 0.715117 0.031873 0.035402
0 0.975884 0.715369 0.027506 0.031862
0 0.868259 0.742679 0.026197 0.029839
0 0.896421 0.743438 0.027506 0.028321
0 0.924582 0.745461 0.028816 0.035402
0 0.951434 0.743691 0.024887 0.031862
0 0.976539 0.746220 0.026197 0.040965
0 0.868041 0.771759 0.025760 0.028321
0 0.898822 0.777070 0.028816 0.038942
0 0.924582 0.771001 0.022704 0.029839
0 0.952307 0.778081 0.031873 0.036919
0 0.977412 0.776311 0.024450 0.033379
0 0.868914 0.803874 0.027506 0.034896
0 0.898604 0.804633 0.019647 0.033379
0 0.926110 0.809437 0.029253 0.031862
0 0.952743 0.803874 0.021394 0.024781
0 0.981341 0.810196 0.028816 0.033379
0 0.867386 0.833966 0.027070 0.028321
0 0.899477 0.839529 0.027506 0.035402
0 0.925237 0.832195 0.027506 0.024781
0 0.952962 0.838517 0.030563 0.037425
0 0.979813 0.833966 0.025760 0.028321
0 0.871097 0.864057 0.025760 0.031862
0 0.900787 0.866080 0.021394 0.031862
0 0.924800 0.869620 0.029253 0.038942
0 0.953617 0.866080 0.023140 0.031862
0 0.981123 0.870379 0.031873 0.037425
0 0.869569 0.894401 0.026197 0.031862
0 0.899477 0.899459 0.027506 0.041976
0 0.926110 0.894401 0.029253 0.024781
0 0.953835 0.894401 0.028816 0.031862
0 0.979158 0.896930 0.030563 0.029839
0 0.871097 0.927780 0.029253 0.034896
0 0.901005 0.927022 0.027943 0.033379
0 0.927638 0.927780 0.028816 0.034896
0 0.952307 0.926010 0.025760 0.032367
0 0.978940 0.927780 0.027506 0.035908
0 0.871752 0.962424 0.024450 0.033379
0 0.927857 0.961665 0.025760 0.038942
0 0.955363 0.965205 0.025760 0.041976
0 0.980468 0.961918 0.030563 0.042482