2 0.148235 0.363537 0.182279 0.047120
2 0.325957 0.371832 0.173658 0.038594
2 0.477446 0.377592 0.129320 0.032834
2 0.590139 0.383065 0.068970 0.041475
2 0.699137 0.385369 0.146562 0.042627
2 0.849394 0.389401 0.146562 0.047235
1 0.145526 0.405818 0.174889 0.032834
1 0.330884 0.414459 0.188437 0.042051
1 0.484815 0.416802 0.114540 0.041396
1 0.587207 0.422078 0.069418 0.037338
1 0.705218 0.426136 0.152720 0.037338
1 0.856203 0.431818 0.135366 0.034091
2 0.152474 0.446023 0.175281 0.039773
2 0.326888 0.453734 0.173546 0.038961
2 0.477005 0.457792 0.123218 0.042208
2 0.583736 0.461039 0.079831 0.038961
2 0.695673 0.464692 0.140572 0.039773
2 0.842319 0.469562 0.145778 0.041396
2 0.151607 0.487013 0.173546 0.038961
2 0.326888 0.493101 0.173546 0.039773
2 0.473534 0.495536 0.119747 0.034903
2 0.586339 0.498782 0.085037 0.034903
2 0.701747 0.502435 0.138837 0.038961
2 0.839716 0.507711 0.133630 0.034903
2 0.152474 0.524351 0.168339 0.035714
2 0.327328 0.530506 0.174992 0.035714
2 0.477662 0.532366 0.125676 0.037946
2 0.584248 0.535342 0.087496 0.037946
2 0.702765 0.536458 0.143175 0.035714
2 0.843554 0.541667 0.135221 0.035714
2 0.149950 0.562128 0.170220 0.040923
2 0.324146 0.568452 0.181355 0.038690
2 0.481639 0.569568 0.124085 0.034970
2 0.585043 0.572173 0.085905 0.035714
2 0.701970 0.573661 0.141584 0.040179
2 0.842759 0.577009 0.133630 0.036458
1 0.150691 0.602833 0.172469 0.038177
1 0.329742 0.606219 0.183001 0.037562
1 0.481146 0.607759 0.122440 0.038177
1 0.588445 0.609298 0.089526 0.036330
1 0.708252 0.611145 0.142188 0.035099
1 0.845831 0.613916 0.132972 0.035714
1 0.153982 0.641933 0.176418 0.037562
1 0.332375 0.644397 0.180368 0.037562
1 0.485096 0.645628 0.125073 0.038793
1 0.592395 0.647783 0.089526 0.036946
1 0.710226 0.646860 0.146138 0.036330
1 0.851098 0.649323 0.132972 0.036330
1 0.154640 0.679495 0.175102 0.035099
1 0.331717 0.680419 0.181685 0.034483
1 0.485096 0.681342 0.127706 0.032635
1 0.591736 0.683805 0.088209 0.032635
1 0.709568 0.684113 0.150087 0.035714
1 0.853731 0.685037 0.135605 0.032635
1 0.155299 0.716441 0.176418 0.036330
1 0.335667 0.716749 0.179051 0.036946
1 0.488387 0.718288 0.129022 0.037562
1 0.594370 0.719520 0.082943 0.035099
1 0.714176 0.719520 0.151404 0.033867
1 0.858339 0.718596 0.136922 0.036946
1 0.158688 0.752976 0.180488 0.038420
1 0.337441 0.753247 0.174703 0.035714
1 0.490739 0.754870 0.129581 0.035714
1 0.594867 0.755952 0.076360 0.035714
1 0.712300 0.754870 0.158505 0.035714
1 0.861318 0.754870 0.137680 0.034632
0 0.164333 0.789004 0.176834 0.036654
0 0.164554 0.827747 0.183558 0.035714
0 0.169056 0.865836 0.179848 0.039004
0 0.170563 0.903665 0.176834 0.036654
0 0.349909 0.901551 0.177839 0.032425
0 0.344885 0.864897 0.165782 0.038064
1 0.339861 0.827068 0.169801 0.035714
1 0.339359 0.789474 0.170806 0.037594
1 0.490572 0.790179 0.135640 0.037124
1 0.495094 0.828008 0.136645 0.035714
0 0.496601 0.863722 0.139659 0.035714
0 0.493084 0.900141 0.130616 0.033365
1 0.596070 0.790883 0.073346 0.036654
1 0.713122 0.790648 0.158749 0.035244
0 0.860015 0.790648 0.136645 0.035244
0 0.710811 0.827303 0.159754 0.034305
1 0.595266 0.826833 0.065308 0.034305
0 0.862024 0.825188 0.140663 0.033835
1 0.596773 0.862782 0.060284 0.034774
1 0.597275 0.898496 0.063299 0.033835
0 0.709304 0.861372 0.164777 0.034774
0 0.861019 0.860197 0.138654 0.035244
0 0.710309 0.896617 0.162768 0.033835
0 0.863531 0.894032 0.137649 0.032425
1 0.169038 0.941429 0.172356 0.034694
1 0.342484 0.938367 0.170174 0.036735
1 0.493023 0.935816 0.126540 0.035714
1 0.597746 0.933010 0.069815 0.033163
1 0.710650 0.931990 0.149448 0.033163
1 0.853552 0.928163 0.131994 0.032653