0 0.233685 0.712691 0.141639 0.027105
0 0.246250 0.752152 0.111940 0.031091
0 0.248534 0.777663 0.130216 0.035874
0 0.235969 0.813536 0.127932 0.040657
0 0.230258 0.843830 0.093664 0.026307
0 0.226831 0.878508 0.137070 0.033482
0 0.226831 0.911990 0.132501 0.031888
0 0.219978 0.942682 0.123363 0.031091
0 0.232543 0.976961 0.098233 0.019930
0 0.379893 0.715880 0.182760 0.035077
0 0.384462 0.752551 0.182760 0.030293
0 0.375324 0.783243 0.191898 0.031091
0 0.371897 0.808355 0.207889 0.031888
0 0.378750 0.846221 0.198751 0.032685
0 0.382177 0.878109 0.169053 0.032685
0 0.371897 0.911193 0.171337 0.031888
0 0.374181 0.937500 0.157630 0.028699
0 0.354763 0.973374 0.182760 0.035077
0 0.668881 0.709503 0.143923 0.035077
0 0.657459 0.740992 0.143923 0.027902
0 0.656317 0.774075 0.141639 0.036671
0 0.660886 0.810746 0.150777 0.036671
0 0.652890 0.839047 0.157630 0.032685
0 0.644894 0.876116 0.159915 0.038265
0 0.648321 0.905612 0.148492 0.028699
0 0.649463 0.938696 0.150777 0.037468
0 0.639183 0.974968 0.153061 0.031888
0 0.914969 0.705118 0.170062 0.034279
0 0.917254 0.739796 0.165492 0.033482
0 0.907611 0.774075 0.178191 0.036671
0 0.769399 0.705118 0.139354 0.035874
0 0.784248 0.741789 0.146208 0.037468
0 0.784248 0.775670 0.114225 0.038265
0 0.777395 0.807557 0.095949 0.033482
0 0.904184 0.803173 0.175906 0.032685
0 0.776253 0.841040 0.107371 0.030293
0 0.902404 0.837452 0.195191 0.027902
0 0.763688 0.872529 0.105087 0.029496
0 0.906469 0.871333 0.180475 0.035077
0 0.761403 0.905612 0.105087 0.033482
0 0.897331 0.904815 0.194182 0.031888
0 0.768257 0.939493 0.091380 0.031091
0 0.906973 0.936703 0.186053 0.028699
0 0.767115 0.972975 0.066250 0.032685
0 0.899615 0.970982 0.194182 0.036671
1 0.532954 0.710300 0.132501 0.033482
1 0.532954 0.742188 0.114225 0.031888
1 0.539807 0.779656 0.118794 0.035077
1 0.543234 0.811942 0.111940 0.034279
1 0.528385 0.840641 0.123363 0.039063
1 0.529527 0.873724 0.125647 0.036671
1 0.513536 0.908801 0.125647 0.038265
1 0.522674 0.939493 0.134785 0.031091
1 0.512393 0.974570 0.127932 0.042251