2 0.075081 0.318110 0.119318 0.096337
2 0.066558 0.423793 0.097403 0.097775
2 0.057630 0.525163 0.071429 0.104964
2 0.044237 0.627251 0.051136 0.093461
2 0.162744 0.328894 0.072240 0.115029
2 0.148539 0.420198 0.084416 0.093461
2 0.127029 0.515817 0.083604 0.120781
2 0.107549 0.629408 0.081981 0.126532
2 0.078734 0.770319 0.097403 0.192674
2 0.227679 0.323861 0.068994 0.093461
2 0.212256 0.416604 0.062500 0.112154
2 0.201299 0.515817 0.071429 0.100651
2 0.182630 0.615748 0.074675 0.122219
2 0.160308 0.765287 0.080357 0.179733
1 0.302760 0.318110 0.081169 0.099213
1 0.373377 0.321704 0.060065 0.100651
1 0.291802 0.416604 0.086851 0.103526
1 0.371753 0.425950 0.066558 0.099213
1 0.281656 0.520849 0.087662 0.107840
1 0.355519 0.515098 0.069805 0.090586
1 0.268263 0.635160 0.086851 0.115029
1 0.358766 0.630127 0.084416 0.119343
1 0.293425 0.768881 0.169643 0.172544
2 0.468344 0.320985 0.121753 0.107840
2 0.463474 0.418760 0.123377 0.104964
2 0.459821 0.529476 0.135552 0.107840
2 0.457386 0.633722 0.145292 0.115029
2 0.590097 0.322423 0.125000 0.104964
2 0.591315 0.424512 0.140422 0.110716
2 0.592532 0.515098 0.142857 0.119343
2 0.599838 0.633722 0.142857 0.135160
2 0.683442 0.320985 0.063312 0.110716
2 0.687500 0.412290 0.068182 0.094899
2 0.698458 0.520130 0.064123 0.123657
2 0.704140 0.627251 0.078734 0.122219
2 0.744318 0.322423 0.068182 0.096337
2 0.759334 0.422355 0.072240 0.097775
2 0.765016 0.518692 0.083604 0.117905
2 0.782062 0.631565 0.080357 0.116467
2 0.714692 0.791168 0.098214 0.211367
2 0.801136 0.791887 0.097403 0.192674
2 0.593344 0.781103 0.162338 0.179733