2 0.022790 0.219059 0.045580 0.131188
2 0.096606 0.212252 0.113605 0.125000
2 0.251609 0.206064 0.186774 0.132426
2 0.469192 0.204208 0.227210 0.126238
2 0.665594 0.183787 0.150190 0.147277
2 0.834557 0.175743 0.183886 0.148515
2 0.969027 0.167079 0.061946 0.158416
2 0.080720 0.336634 0.129972 0.121287
2 0.243426 0.346535 0.185812 0.136139
2 0.458602 0.344678 0.244540 0.147277
2 0.665594 0.336634 0.173296 0.163366
2 0.850443 0.338490 0.180998 0.174505
2 0.962604 0.337252 0.072207 0.172030
2 0.058412 0.471535 0.116824 0.148515
2 0.237168 0.482673 0.186774 0.146040
2 0.455713 0.498144 0.242614 0.159653
2 0.668963 0.504332 0.183886 0.172030
2 0.858145 0.517327 0.196402 0.170792
2 0.055524 0.648515 0.111047 0.210396
2 0.209248 0.670173 0.206029 0.221535
2 0.443679 0.690594 0.264757 0.252475
2 0.665112 0.714109 0.189663 0.274752
2 0.863921 0.741337 0.213731 0.292079