2 0.158059 0.142327 0.145066 0.188119
2 0.333796 0.170173 0.143408 0.211634
2 0.470987 0.188119 0.135947 0.198020
2 0.629316 0.193069 0.135947 0.225248
2 0.763605 0.205446 0.132632 0.232673
2 0.927395 0.219059 0.145210 0.222772
2 0.171322 0.352104 0.146724 0.196782
2 0.330895 0.375619 0.152526 0.194307
2 0.471816 0.388614 0.130974 0.207921
2 0.621441 0.409653 0.141750 0.205446
2 0.760289 0.421411 0.124342 0.199257
2 0.921105 0.433168 0.150868 0.202970
2 0.165520 0.591584 0.168276 0.252475
2 0.334211 0.595916 0.142579 0.238861
2 0.476375 0.615718 0.150039 0.261139
2 0.626000 0.643564 0.142579 0.262376
2 0.761947 0.660891 0.135947 0.250000