0 0.102895 0.120536 0.135813 0.118622
0 0.106832 0.236607 0.131876 0.108418
0 0.114705 0.341199 0.118098 0.100765
0 0.112737 0.454082 0.120066 0.135204
0 0.110769 0.573980 0.139749 0.132653
0 0.234279 0.119898 0.150575 0.109694
0 0.242153 0.228316 0.150575 0.107143
0 0.244613 0.338648 0.157464 0.110969
0 0.248058 0.451531 0.144670 0.112245
0 0.251010 0.575893 0.156480 0.116071
0 0.347949 0.107781 0.080700 0.110969
0 0.351885 0.221939 0.086605 0.112245
0 0.364187 0.321429 0.079716 0.117347
0 0.360743 0.437500 0.088574 0.125000
0 0.362711 0.556760 0.080700 0.118622
0 0.446364 0.104592 0.106288 0.104592
0 0.447840 0.213010 0.109241 0.122449
0 0.445872 0.329082 0.113177 0.112245
0 0.458666 0.435587 0.095463 0.110969
0 0.466539 0.551658 0.105304 0.105867
0 0.555112 0.095026 0.134829 0.110969
0 0.706179 0.096939 0.185020 0.107143
0 0.557573 0.196429 0.122035 0.112245
0 0.558557 0.309949 0.133844 0.122449
0 0.570367 0.425383 0.127940 0.116071
0 0.575287 0.540179 0.125971 0.105867
0 0.712084 0.200893 0.196830 0.100765
0 0.718481 0.309949 0.201751 0.125000
0 0.721434 0.419005 0.205687 0.113520
0 0.730783 0.526786 0.202735 0.109694
0 0.841500 0.086097 0.103336 0.100765
0 0.924169 0.084184 0.095463 0.112245
0 0.849373 0.195153 0.101367 0.114796
0 0.936471 0.191327 0.080700 0.109694
0 0.858231 0.295281 0.097431 0.116071
0 0.944344 0.295918 0.094478 0.112245
0 0.952709 0.404974 0.083653 0.126276
0 0.874469 0.508291 0.100383 0.105867
0 0.961566 0.515944 0.071843 0.103316
1 0.862659 0.401786 0.094478 0.114796
2 0.122578 0.690689 0.141718 0.113520
2 0.251994 0.676020 0.170258 0.119898
2 0.425205 0.667092 0.184036 0.104592
2 0.580208 0.654337 0.133844 0.102041
2 0.736688 0.633291 0.192893 0.121173
2 0.876437 0.621811 0.116130 0.105867
2 0.955169 0.617985 0.074795 0.146684
2 0.957410 0.735332 0.085180 0.190051
2 0.864628 0.750000 0.110225 0.176020
2 0.728815 0.785714 0.188957 0.170918
2 0.438491 0.804847 0.208640 0.160714
2 0.259867 0.830357 0.164353 0.176020
2 0.110277 0.827806 0.150575 0.173469
