2 0.024272 0.710178 0.027756 0.029849
2 0.052028 0.711998 0.024055 0.027665
2 0.025506 0.741118 0.026522 0.024752
2 0.024581 0.767327 0.029606 0.023296
2 0.051719 0.738934 0.020971 0.024752
2 0.051103 0.768055 0.024672 0.027665
2 0.118949 0.707266 0.101153 0.031305
2 0.117407 0.739662 0.107938 0.027665
2 0.119258 0.766599 0.103004 0.027665
2 0.186796 0.706174 0.034540 0.032033
2 0.221953 0.705082 0.034540 0.032761
2 0.188338 0.738570 0.033923 0.026937
2 0.220720 0.737114 0.030839 0.029849
2 0.188338 0.767327 0.033923 0.024752
2 0.220720 0.765507 0.030839 0.028393
2 0.264820 0.703990 0.053661 0.023296
2 0.250634 0.734202 0.028989 0.031305
2 0.251251 0.763687 0.031456 0.029121
2 0.307687 0.704354 0.024672 0.031305
2 0.337293 0.705446 0.032073 0.036401
2 0.369366 0.705082 0.025905 0.035673
2 0.397430 0.706174 0.024055 0.034945
2 0.437213 0.705810 0.053044 0.034217
2 0.496116 0.705082 0.061062 0.034217
2 0.544226 0.702533 0.031456 0.036401
2 0.578149 0.700713 0.033923 0.034217
2 0.624100 0.702533 0.056745 0.037857
2 0.683004 0.702169 0.067230 0.035673
2 0.727104 0.610804 0.030839 0.027665
2 0.758869 0.611168 0.027756 0.028393
2 0.825790 0.608984 0.103621 0.034217
2 0.892404 0.608984 0.027139 0.031305
2 0.925402 0.608984 0.036391 0.032761
2 0.726796 0.641016 0.031456 0.028393
2 0.760102 0.640652 0.028989 0.026209
2 0.727412 0.672321 0.028989 0.026937
2 0.728646 0.699257 0.030223 0.031305
2 0.756093 0.668681 0.029606 0.031305
2 0.758869 0.699257 0.028989 0.029849
2 0.826407 0.639560 0.107321 0.024024
2 0.827641 0.669045 0.104854 0.030577
2 0.828874 0.698893 0.108555 0.029121
2 0.892095 0.639196 0.026522 0.027665
2 0.923551 0.638468 0.036391 0.024752
2 0.892404 0.665041 0.027139 0.031305
2 0.926019 0.665769 0.033923 0.031305
2 0.895179 0.697437 0.022821 0.030577
2 0.926635 0.697801 0.036391 0.028393
2 0.971499 0.607279 0.051951 0.034316
2 0.970070 0.637939 0.053857 0.025878
2 0.970070 0.664660 0.054810 0.030941
2 0.971976 0.695038 0.055763 0.028690
2 0.729382 0.761420 0.027167 0.029815
2 0.759170 0.763389 0.030503 0.031503
2 0.830423 0.758888 0.103424 0.024752
2 0.895480 0.756638 0.028597 0.028128
2 0.926905 0.757028 0.034253 0.024406
2 0.971023 0.753544 0.049091 0.026440
1 0.024215 0.797121 0.030680 0.029336
1 0.023826 0.826458 0.029903 0.028420
1 0.023632 0.855106 0.027961 0.027044
1 0.025185 0.885130 0.029515 0.027503
1 0.024603 0.911029 0.030680 0.026128
1 0.051011 0.797351 0.023689 0.031628
1 0.051399 0.827145 0.022913 0.026128
1 0.051981 0.855106 0.025631 0.026128
1 0.051981 0.883067 0.027184 0.028878
1 0.052952 0.912175 0.025243 0.028420
1 0.079943 0.798497 0.031068 0.029336
1 0.079360 0.827833 0.030680 0.025669
1 0.080331 0.856481 0.032621 0.027961
1 0.081496 0.883755 0.027961 0.029336
1 0.079360 0.911258 0.029126 0.026586
1 0.134894 0.799413 0.067961 0.027503
1 0.131593 0.830812 0.076893 0.031628
1 0.135088 0.859003 0.074563 0.024752
1 0.132952 0.889256 0.074951 0.029336
1 0.132952 0.911716 0.076505 0.027503
1 0.158777 0.943574 0.029515 0.029795
1 0.115477 0.942428 0.048544 0.032087
1 0.075671 0.943115 0.028738 0.030711
1 0.187559 0.798709 0.033703 0.030941
1 0.187933 0.830092 0.035201 0.027405
1 0.188308 0.858601 0.036699 0.029615
1 0.187372 0.887774 0.035576 0.026079
1 0.188682 0.916947 0.033703 0.028731
1 0.187933 0.942804 0.032954 0.028289
1 0.220888 0.797825 0.035201 0.031825
1 0.219951 0.829650 0.031082 0.030057
1 0.220326 0.856612 0.034078 0.029173
1 0.221637 0.886448 0.035201 0.030499
1 0.222011 0.916063 0.032954 0.026963
1 0.222011 0.943909 0.032205 0.030499
1 0.263953 0.795836 0.053176 0.031383
1 0.264889 0.857496 0.055048 0.027405
2 0.264702 0.828103 0.057670 0.029615
1 0.265451 0.885564 0.055423 0.031383
1 0.265638 0.916063 0.055797 0.029615
1 0.265825 0.947003 0.056921 0.031383
1 0.309078 0.738596 0.023592 0.026521
1 0.305520 0.795173 0.025465 0.030941
1 0.306456 0.826556 0.025839 0.026521
1 0.307767 0.859043 0.026214 0.028731
1 0.307018 0.886890 0.025465 0.023426
1 0.307954 0.915621 0.028086 0.031383
1 0.308329 0.945235 0.025839 0.032267
1 0.336602 0.738375 0.029958 0.025194
1 0.368994 0.738817 0.031082 0.026963
1 0.367496 0.766222 0.031082 0.026963
1 0.338287 0.797383 0.031831 0.032709
1 0.369181 0.796499 0.031456 0.030057
1 0.368058 0.829208 0.030707 0.027405
1 0.337351 0.858601 0.032205 0.025194
1 0.370118 0.858601 0.031082 0.023426
1 0.336976 0.886890 0.031456 0.026963
1 0.369556 0.885785 0.032205 0.027405
1 0.337725 0.918936 0.027711 0.029173
1 0.370118 0.915179 0.031082 0.030499
1 0.337163 0.946340 0.028835 0.029173
1 0.365249 0.945235 0.035576 0.031383
2 0.306456 0.766001 0.029584 0.023868
2 0.335666 0.765117 0.030333 0.027405
2 0.336227 0.827661 0.029958 0.030499
1 0.396518 0.737270 0.023967 0.030941
1 0.395582 0.767327 0.028086 0.025636
1 0.398204 0.799814 0.024341 0.030499
1 0.398578 0.828324 0.025090 0.026521
1 0.396893 0.857275 0.027711 0.029615
1 0.398016 0.885785 0.025465 0.028289
1 0.398016 0.914737 0.023967 0.025194
1 0.397829 0.947666 0.023592 0.029173
1 0.437524 0.735723 0.057295 0.026079
1 0.439958 0.767327 0.056921 0.030941
1 0.439584 0.794952 0.053925 0.026079
1 0.439584 0.825893 0.056172 0.033151
1 0.438086 0.857717 0.056921 0.026963
1 0.438835 0.887553 0.056921 0.031825
1 0.439022 0.918052 0.055797 0.026521
1 0.438647 0.946119 0.058044 0.032267
1 0.497066 0.736607 0.060291 0.024310
1 0.496504 0.764233 0.058419 0.030941
1 0.496692 0.795615 0.057295 0.031825
1 0.496879 0.825893 0.059917 0.027847
1 0.496130 0.855065 0.059917 0.030499
1 0.496879 0.885122 0.058419 0.030499
1 0.498002 0.916726 0.059917 0.030941
1 0.496317 0.947887 0.059542 0.027847
1 0.545187 0.736828 0.034452 0.025636
1 0.543689 0.765780 0.034452 0.028731
1 0.543689 0.794952 0.035201 0.032267
1 0.544625 0.826335 0.033329 0.029615
1 0.544812 0.854402 0.035950 0.033593
1 0.544438 0.886006 0.037448 0.031383
1 0.544251 0.914516 0.034078 0.032709
1 0.544438 0.946119 0.034452 0.027847
1 0.578328 0.734839 0.032580 0.029615
1 0.577766 0.762023 0.035950 0.028289
1 0.577766 0.793626 0.035201 0.031383
1 0.580013 0.825230 0.033703 0.030057
1 0.579077 0.855728 0.033329 0.028289
1 0.579264 0.884901 0.035201 0.032709
1 0.579639 0.914737 0.036699 0.027847
1 0.578328 0.942804 0.035576 0.030057
1 0.623640 0.735060 0.058044 0.029173
1 0.624015 0.766222 0.056546 0.032267
1 0.623453 0.794952 0.056921 0.029615
1 0.624951 0.825230 0.054674 0.028289
1 0.624764 0.855507 0.058044 0.031383
1 0.625325 0.884459 0.056921 0.027405
1 0.624764 0.913411 0.058793 0.027847
1 0.624389 0.942141 0.056546 0.031383
1 0.666773 0.733768 0.031053 0.027133
1 0.697624 0.732578 0.035489 0.027609
1 0.730089 0.731388 0.030246 0.026181
1 0.758521 0.730436 0.029037 0.029037
1 0.800462 0.730198 0.050814 0.028561
1 0.853494 0.729960 0.055250 0.027133
1 0.895839 0.729484 0.029440 0.027133
1 0.928102 0.729722 0.035086 0.028561
1 0.969641 0.724248 0.054444 0.028085
1 0.666773 0.761377 0.031053 0.026181
1 0.698229 0.761615 0.033473 0.030465
1 0.667580 0.792079 0.030246 0.030465
1 0.698834 0.791127 0.034683 0.031417
1 0.668185 0.824686 0.031456 0.031893
1 0.669798 0.856102 0.028230 0.025228
1 0.669193 0.883235 0.029440 0.029989
1 0.668185 0.913462 0.029037 0.029513
1 0.667983 0.943212 0.032666 0.026181
1 0.700044 0.822544 0.033069 0.028561
1 0.731097 0.791365 0.028230 0.029037
1 0.700649 0.853960 0.032666 0.031417
1 0.699843 0.883473 0.035892 0.030465
1 0.700246 0.914652 0.034279 0.031893
1 0.699238 0.943450 0.034683 0.030465
1 0.730896 0.821354 0.030246 0.029989
1 0.730896 0.852294 0.027827 0.030941
1 0.731299 0.882045 0.024600 0.027609
1 0.730694 0.910367 0.029843 0.031893
1 0.732105 0.942022 0.027020 0.028561
1 0.759125 0.790413 0.026214 0.027133
1 0.760335 0.820640 0.025407 0.028561
1 0.759932 0.851580 0.031053 0.031417
1 0.759529 0.881569 0.031053 0.028561
1 0.759125 0.911319 0.029440 0.029037
1 0.760739 0.942736 0.031053 0.028085
1 0.759730 0.968203 0.028230 0.019040
1 0.799454 0.789937 0.050411 0.026181
1 0.799857 0.823734 0.051217 0.032845
1 0.801672 0.851580 0.053234 0.029513
1 0.800866 0.880379 0.052427 0.029989
1 0.800866 0.911081 0.052427 0.029513
1 0.800261 0.939404 0.054444 0.027133
1 0.801672 0.968203 0.053234 0.024752
1 0.867811 0.788509 0.025004 0.023324
1 0.869626 0.818736 0.025407 0.029513
1 0.868416 0.846344 0.030246 0.023800
1 0.868214 0.877761 0.031456 0.035225
1 0.867004 0.907749 0.032263 0.029513
1 0.867408 0.938690 0.029037 0.029513
1 0.868416 0.966299 0.032666 0.018088
1 0.897856 0.935358 0.027827 0.028561
1 0.898461 0.960824 0.030650 0.026181
1 0.929715 0.935834 0.036699 0.028561
1 0.931732 0.959634 0.031860 0.019040
1 0.985929 0.932026 0.028141 0.026657
1 0.985369 0.961538 0.027020 0.022848
1 0.897251 0.877999 0.027423 0.032845
1 0.896041 0.847534 0.026617 0.026181
1 0.897049 0.818260 0.023794 0.030465
1 0.895436 0.788033 0.024600 0.026181
1 0.927094 0.788271 0.033876 0.027609
1 0.927497 0.817308 0.033876 0.031417
1 0.927296 0.847772 0.035892 0.028561
1 0.928909 0.877285 0.034279 0.028561
1 0.896646 0.906797 0.027827 0.027609
1 0.927497 0.905607 0.033069 0.026181
1 0.985772 0.816594 0.025407 0.029037
1 0.986131 0.846344 0.027738 0.031417
1 0.985570 0.877523 0.024197 0.029037
1 0.494632 0.971535 0.059168 0.022100
1 0.543876 0.970872 0.035576 0.019890
1 0.579639 0.969988 0.032954 0.021658
0 0.624576 0.970430 0.058419 0.021658
1 0.438647 0.973966 0.052053 0.019890
1 0.380790 0.973966 0.059168 0.018122
1 0.336789 0.971314 0.026588 0.016354
1 0.306456 0.971977 0.031082 0.015028