0 0.039620 0.485763 0.052679 0.041988
0 0.113786 0.485521 0.097040 0.036680
0 0.201469 0.484315 0.078325 0.035232
0 0.288805 0.482625 0.097733 0.034749
0 0.360407 0.481660 0.044361 0.034749
0 0.040313 0.524373 0.049906 0.036197
0 0.113093 0.524131 0.094268 0.036680
0 0.200568 0.522201 0.079018 0.038610
0 0.286864 0.521236 0.096347 0.036680
1 0.361031 0.519788 0.046441 0.037645
0 0.038719 0.561535 0.047827 0.037162
0 0.112539 0.562017 0.097040 0.037162
0 0.199875 0.561052 0.077632 0.037162
0 0.289637 0.558880 0.099120 0.035714
0 0.039481 0.600338 0.051293 0.037162
0 0.115727 0.600338 0.102585 0.037162
0 0.202717 0.598890 0.072780 0.038127
0 0.289013 0.596477 0.101199 0.036197
0 0.039481 0.638224 0.051293 0.036680
0 0.115727 0.638948 0.101199 0.039093
0 0.202717 0.637500 0.071394 0.037162
0 0.290399 0.635328 0.101199 0.038610
0 0.038234 0.675772 0.049906 0.035714
0 0.115173 0.675579 0.101199 0.035328
0 0.204242 0.675772 0.078325 0.037645
0 0.291924 0.674855 0.097040 0.036776
0 0.039828 0.712307 0.050600 0.036197
0 0.115034 0.712790 0.097040 0.037162
0 0.203410 0.713996 0.076939 0.037645
0 0.291439 0.713755 0.096347 0.037162
0 0.041561 0.750965 0.055452 0.038610
0 0.116074 0.751689 0.096347 0.040058
0 0.205143 0.752654 0.077632 0.037162
0 0.291439 0.751448 0.093574 0.037645
0 0.042600 0.791506 0.053372 0.038610
0 0.118153 0.791264 0.092188 0.037162
0 0.203410 0.790541 0.079712 0.036680
0 0.291439 0.789093 0.093574 0.036680
0 0.041907 0.829875 0.049213 0.035232
0 0.115727 0.828668 0.095654 0.035714
0 0.203063 0.828427 0.076246 0.038127
0 0.291093 0.827703 0.097040 0.039575
0 0.042670 0.866168 0.051293 0.038127
0 0.116490 0.867375 0.094961 0.038610
0 0.204172 0.865927 0.079018 0.035714
0 0.292895 0.865203 0.097040 0.035232
0 0.041977 0.903089 0.048520 0.034749
0 0.116836 0.902606 0.098426 0.035714
0 0.204519 0.902124 0.075553 0.036680
0 0.292548 0.902124 0.099120 0.036680
0 0.043363 0.941458 0.049906 0.040058
0 0.116836 0.940010 0.098426 0.038127
0 0.205905 0.940492 0.076939 0.037162
0 0.293934 0.940492 0.094961 0.038127
1 0.361324 0.559249 0.044059 0.039377
1 0.362639 0.597253 0.045374 0.034799
1 0.363297 0.634341 0.045374 0.038462
1 0.363625 0.672619 0.043401 0.038462
1 0.362639 0.711996 0.044059 0.037546
1 0.363297 0.752518 0.046689 0.039835
1 0.363625 0.790751 0.047347 0.035714
1 0.363297 0.827610 0.048005 0.036172
1 0.364941 0.865247 0.046032 0.037088
1 0.364941 0.902564 0.044717 0.036630
1 0.364612 0.941026 0.045374 0.037546
0 0.415773 0.593178 0.057211 0.036172
0 0.498630 0.591804 0.108504 0.037088
0 0.580436 0.592033 0.054581 0.036630
0 0.657599 0.590414 0.102585 0.035714
0 0.752085 0.587735 0.086388 0.033177
0 0.853591 0.587030 0.114734 0.032707
0 0.954017 0.586466 0.086388 0.033835
0 0.416523 0.632284 0.058042 0.042763
0 0.417198 0.672932 0.059392 0.037594
0 0.414836 0.711936 0.056017 0.037594
0 0.416523 0.751316 0.056692 0.039474
0 0.416523 0.788534 0.055342 0.035526
0 0.416186 0.826457 0.057367 0.039004
0 0.416523 0.865461 0.055342 0.039944
0 0.416861 0.903290 0.057367 0.036654
0 0.416861 0.941588 0.056017 0.038064
0 0.499536 0.632801 0.109334 0.044173
0 0.500886 0.673449 0.110684 0.036184
0 0.498862 0.711701 0.112034 0.038064
0 0.498862 0.750705 0.109334 0.038064
0 0.499536 0.787641 0.109334 0.036184
0 0.499199 0.825470 0.110009 0.039474
0 0.498862 0.865320 0.110684 0.038534
0 0.500211 0.903149 0.110684 0.036184
0 0.498862 0.940414 0.110684 0.036654
0 0.581875 0.628336 0.056692 0.035244
0 0.659151 0.626222 0.100561 0.034774
0 0.752018 0.625047 0.087063 0.037124
0 0.853591 0.624342 0.116083 0.039474
0 0.955704 0.624342 0.088412 0.040414
0 0.583832 0.668280 0.054667 0.040883
0 0.661446 0.667105 0.100561 0.041353
0 0.753233 0.664521 0.087063 0.039004
0 0.855143 0.663346 0.115409 0.036654
0 0.955839 0.663346 0.085713 0.036654
0 0.583359 0.709446 0.056692 0.039004
0 0.660636 0.707331 0.101910 0.037594
0 0.755460 0.702632 0.087737 0.034774
0 0.854131 0.700752 0.114734 0.037594
0 0.955704 0.699812 0.087063 0.035714
0 0.582010 0.747415 0.053992 0.035244
0 0.660636 0.746945 0.100561 0.036184
0 0.754785 0.744831 0.086388 0.036654
0 0.852983 0.741071 0.114059 0.038534
0 0.954894 0.739192 0.087063 0.037594
0 0.583967 0.784774 0.057367 0.039474
0 0.581942 0.823543 0.054667 0.038064
0 0.582820 0.863346 0.056692 0.039474
0 0.583494 0.901880 0.053992 0.037594
0 0.582482 0.939944 0.051968 0.036654
0 0.637824 0.784164 0.050618 0.039004
0 0.636137 0.823637 0.049943 0.039944
0 0.636474 0.862641 0.050618 0.037124
0 0.636137 0.899530 0.049943 0.036654
0 0.635462 0.938064 0.053992 0.039474
0 0.687092 0.784023 0.049268 0.035714
0 0.687092 0.823026 0.050618 0.040414
0 0.686755 0.862735 0.049943 0.039004
0 0.686080 0.900564 0.052642 0.036654
0 0.687092 0.938863 0.047918 0.039004
0 0.754583 0.782848 0.085713 0.038064
0 0.755932 0.822086 0.084363 0.040414
0 0.754583 0.862265 0.085713 0.039004
0 0.755257 0.900094 0.084363 0.037594
0 0.754920 0.938393 0.085038 0.039944
0 0.854806 0.782378 0.113384 0.039944
0 0.854468 0.822791 0.112709 0.039944
0 0.853118 0.861090 0.115409 0.041353
0 0.852444 0.899154 0.111359 0.040414
0 0.850756 0.937923 0.112034 0.043703
0 0.954961 0.780639 0.085038 0.042293
0 0.955974 0.820818 0.084363 0.038064
0 0.955704 0.860150 0.088412 0.037594
0 0.954017 0.898919 0.090437 0.037124
0 0.953679 0.937688 0.091112 0.036654