2 0.205169 0.359598 0.100536 0.044004
2 0.296209 0.357880 0.079312 0.043317
2 0.408474 0.357536 0.138516 0.042629
2 0.531351 0.356848 0.098302 0.044004
2 0.657579 0.351348 0.149687 0.044004
2 0.796095 0.351348 0.109472 0.039879
2 0.906126 0.349285 0.115058 0.044004
2 0.207403 0.405666 0.102770 0.041254
2 0.300678 0.403259 0.072609 0.040567
2 0.406799 0.399477 0.135165 0.041254
2 0.525766 0.399821 0.089365 0.039191
2 0.655904 0.395008 0.155272 0.040567
2 0.789952 0.393977 0.112823 0.042629
2 0.898307 0.389508 0.121760 0.043317
1 0.207961 0.447607 0.106121 0.041254
1 0.202935 0.488174 0.102770 0.038504
1 0.203493 0.531147 0.103887 0.040567
1 0.203796 0.571241 0.104306 0.040996
1 0.205681 0.613784 0.098022 0.039449
1 0.203796 0.654780 0.106819 0.037902
1 0.203167 0.698484 0.108076 0.040223
1 0.207566 0.739093 0.111846 0.037902
1 0.205052 0.780863 0.104306 0.044090
1 0.206309 0.823407 0.096766 0.042543
1 0.208194 0.864790 0.105563 0.040223
1 0.208194 0.906173 0.108076 0.048731
1 0.206937 0.951423 0.100536 0.040223
1 0.298048 0.445931 0.076659 0.039449
1 0.294278 0.487314 0.081685 0.040223
1 0.293650 0.530631 0.080429 0.035582
1 0.291136 0.570854 0.075402 0.044864
1 0.293021 0.610690 0.079172 0.045637
1 0.296163 0.655554 0.077915 0.036355
1 0.293021 0.693843 0.079172 0.038676
1 0.299933 0.741414 0.077915 0.039449
1 0.296163 0.781637 0.077915 0.037902
1 0.298048 0.822633 0.076659 0.042543
1 0.296791 0.865563 0.071632 0.043317
1 0.296791 0.907720 0.079172 0.040996
1 0.299933 0.949489 0.082942 0.044090
1 0.410522 0.444771 0.143263 0.040223
1 0.529909 0.443224 0.103049 0.040223
1 0.654322 0.440130 0.148290 0.041770
1 0.788160 0.439743 0.114359 0.044090
1 0.903147 0.438583 0.115616 0.047958
1 0.404867 0.485381 0.144520 0.045637
1 0.408009 0.529471 0.148290 0.034808
1 0.528023 0.486154 0.099279 0.040996
1 0.404239 0.569694 0.138237 0.037902
1 0.527395 0.529858 0.095509 0.037129
1 0.658092 0.484994 0.145777 0.041770
1 0.786903 0.485767 0.111846 0.040223
1 0.901262 0.483447 0.111846 0.038676
1 0.654322 0.525990 0.145777 0.038676
1 0.791301 0.527150 0.115616 0.039449
1 0.904404 0.525603 0.110589 0.044090
1 0.406124 0.611463 0.139493 0.042543
1 0.528023 0.570467 0.104306 0.039449
1 0.657463 0.569694 0.147034 0.037902
1 0.786903 0.568147 0.116873 0.042543
1 0.901891 0.568920 0.113103 0.040996
1 0.526138 0.611077 0.105563 0.040223
1 0.655578 0.611850 0.140750 0.040223
1 0.789416 0.612237 0.111846 0.042543
1 0.903147 0.612237 0.113103 0.042543
1 0.409894 0.655941 0.139493 0.038676
1 0.524882 0.656327 0.095509 0.045637
1 0.650551 0.656327 0.158344 0.044090
1 0.785646 0.654780 0.111846 0.042543
1 0.898749 0.655167 0.116873 0.040223
1 0.404867 0.695003 0.142007 0.039449
1 0.528023 0.698871 0.101792 0.036355
1 0.653065 0.700031 0.153317 0.038676
1 0.783761 0.696937 0.115616 0.040223
1 0.903147 0.697710 0.118129 0.038676
1 0.406752 0.737160 0.135723 0.040223
1 0.527395 0.739480 0.100536 0.043317
1 0.653693 0.738707 0.154574 0.041770
1 0.786275 0.741414 0.115616 0.045637
1 0.900634 0.738707 0.118129 0.040223
1 0.401725 0.778156 0.133210 0.043317
1 0.524882 0.780476 0.108076 0.043317
1 0.654322 0.782797 0.148290 0.040223
1 0.788160 0.783957 0.114359 0.037902
1 0.901262 0.782797 0.114359 0.041770
1 0.406752 0.821473 0.143263 0.043317
1 0.529280 0.824180 0.101792 0.045637
1 0.655578 0.824567 0.153317 0.040223
1 0.790045 0.824180 0.113103 0.040996
1 0.900634 0.824954 0.118129 0.042543
1 0.402354 0.864790 0.144520 0.043317
1 0.529909 0.867497 0.103049 0.039449
1 0.658720 0.867884 0.147034 0.038676
1 0.793186 0.867497 0.119386 0.042543
1 0.903147 0.866723 0.108076 0.042543
1 0.404867 0.906946 0.134467 0.036355
1 0.531794 0.911200 0.101792 0.041770
1 0.654322 0.910040 0.150804 0.042543
1 0.791301 0.912748 0.115616 0.041770
1 0.903147 0.912361 0.110589 0.044090
1 0.409266 0.952197 0.130696 0.046411
1 0.529909 0.954904 0.108076 0.042543
1 0.660605 0.954131 0.158344 0.047184
1 0.793186 0.955291 0.116873 0.041770
1 0.908803 0.955678 0.106819 0.040996
1 0.034679 0.959158 0.068189 0.025291
1 0.035553 0.932792 0.066441 0.022062
1 0.035990 0.908308 0.063818 0.022600
1 0.033512 0.882749 0.067024 0.023138
1 0.033075 0.857189 0.066150 0.022600
1 0.033512 0.833513 0.067024 0.022600
1 0.034387 0.808760 0.068773 0.024752
1 0.032638 0.782393 0.065276 0.022600
2 0.033950 0.759255 0.067899 0.026905
2 0.033512 0.730467 0.067024 0.026367