2 0.082386 0.299127 0.054383 0.095510
2 0.055601 0.403732 0.057630 0.098542
2 0.040990 0.506822 0.046266 0.116734
2 0.099838 0.509096 0.082792 0.124314
2 0.068994 0.628862 0.077922 0.133410
2 0.047484 0.803205 0.062500 0.209211
2 0.140828 0.306707 0.070617 0.101574
2 0.122971 0.402974 0.068994 0.112186
2 0.204545 0.291547 0.069805 0.101574
2 0.276786 0.286999 0.068182 0.107638
2 0.345779 0.280176 0.076299 0.109154
2 0.421672 0.286999 0.080357 0.107638
2 0.512581 0.267290 0.107955 0.116734
2 0.618912 0.265016 0.124188 0.109154
2 0.711445 0.258194 0.081981 0.119766
2 0.797078 0.249098 0.100649 0.131894
2 0.191558 0.394636 0.076299 0.104606
2 0.168019 0.519708 0.068182 0.133410
2 0.145292 0.637200 0.084416 0.134926
2 0.116477 0.801689 0.091721 0.227404
2 0.223620 0.625072 0.094968 0.144022
2 0.245130 0.503032 0.099026 0.118250
2 0.336851 0.510612 0.089286 0.154634
2 0.261769 0.387814 0.078734 0.112186
2 0.336039 0.387814 0.084416 0.109154
2 0.413961 0.392362 0.077922 0.112186
2 0.404627 0.510612 0.073864 0.139474
2 0.306412 0.627346 0.091721 0.157667
2 0.399756 0.640232 0.099838 0.150086
2 0.198864 0.810785 0.103896 0.224372
2 0.289367 0.796383 0.103084 0.219824
2 0.381088 0.806995 0.099838 0.222856
2 0.504058 0.384024 0.120130 0.119766
2 0.619724 0.378718 0.127435 0.118250
2 0.728490 0.377202 0.099838 0.121282
2 0.810877 0.371138 0.081169 0.112186
2 0.500000 0.499242 0.128247 0.134926
2 0.500406 0.643264 0.146916 0.159183
2 0.493912 0.799415 0.132305 0.186471
2 0.625000 0.496210 0.137987 0.140990
2 0.731331 0.500758 0.108766 0.128862
2 0.823864 0.502274 0.103896 0.125830
2 0.631494 0.633410 0.150974 0.163731
2 0.750406 0.639474 0.111201 0.157667
2 0.838068 0.637200 0.122565 0.156151
2 0.636769 0.807753 0.158279 0.200115
2 0.763799 0.829735 0.131494 0.241048
2 0.874594 0.832009 0.130682 0.233468