1 0.476910 0.090725 0.094039 0.114965
1 0.563812 0.141310 0.086482 0.133359
1 0.616289 0.160854 0.062133 0.172447
1 0.687657 0.195343 0.097397 0.186243
1 0.770361 0.251676 0.078086 0.142556
1 0.763644 0.364342 0.091520 0.147155
1 0.688917 0.321805 0.093199 0.098870
1 0.609152 0.285016 0.068010 0.103468
1 0.567170 0.270070 0.074727 0.110366
1 0.476910 0.219486 0.122586 0.133359
1 0.396306 0.199942 0.085642 0.117264
1 0.344668 0.187296 0.086482 0.119563
1 0.280017 0.171201 0.074727 0.114965
1 0.211167 0.124065 0.083123 0.140257
1 0.140638 0.099922 0.118388 0.142556
1 0.059194 0.107970 0.049538 0.117264
1 0.041142 0.220636 0.082284 0.163250
1 0.134341 0.244778 0.119228 0.183944
1 0.217464 0.266621 0.057095 0.121863
1 0.273300 0.290764 0.071369 0.151754
1 0.333333 0.296512 0.072208 0.177046
1 0.393787 0.322954 0.070529 0.151754
1 0.475651 0.353995 0.091520 0.149454
1 0.550798 0.363192 0.063812 0.172447
1 0.607473 0.420674 0.059614 0.144856
1 0.676742 0.439069 0.107473 0.167849
1 0.754828 0.466660 0.089001 0.167849
1 0.047019 0.362042 0.063812 0.170148
1 0.130143 0.386185 0.119228 0.186243
1 0.206549 0.411477 0.077246 0.172447
1 0.264903 0.434470 0.071369 0.158651
1 0.326196 0.448266 0.071369 0.172447
1 0.388329 0.451715 0.059614 0.160951
1 0.463896 0.486204 0.104954 0.170148
1 0.547439 0.518394 0.065491 0.156352
1 0.599076 0.526442 0.069689 0.140257
1 0.676742 0.562081 0.104114 0.160951
1 0.761545 0.594271 0.075567 0.137958
1 0.044500 0.504599 0.057095 0.147155
1 0.121327 0.539088 0.116709 0.156352
1 0.204450 0.562081 0.068010 0.137958
1 0.260705 0.565530 0.069689 0.140257
1 0.319479 0.582775 0.091520 0.156352
1 0.379513 0.585074 0.073887 0.179345
1 0.458018 0.620713 0.116709 0.172447
1 0.538203 0.647155 0.055416 0.137958
1 0.605374 0.660951 0.060453 0.142556
1 0.671285 0.686243 0.091520 0.156352
1 0.759866 0.729930 0.078925 0.124162
