2 0.656426 0.553836 0.190509 0.035714
2 0.821773 0.554497 0.136591 0.033069
2 0.943088 0.554828 0.106038 0.033730
2 0.503659 0.554167 0.111430 0.036376
2 0.357183 0.554167 0.174334 0.033730
2 0.225084 0.554828 0.093457 0.035053
2 0.118148 0.555159 0.124011 0.034392
2 0.117249 0.588558 0.122213 0.031085
2 0.227780 0.587235 0.095255 0.029762
2 0.365270 0.588228 0.172537 0.033069
2 0.509051 0.588889 0.115024 0.030423
2 0.658223 0.587566 0.186915 0.029101
2 0.821773 0.586243 0.136591 0.029101
2 0.943987 0.587566 0.107835 0.029101
2 0.117249 0.619312 0.122213 0.029101
2 0.226882 0.619312 0.104241 0.031746
2 0.364372 0.620635 0.174334 0.031746
2 0.511747 0.619643 0.120416 0.029762
2 0.662716 0.619312 0.181523 0.033069
2 0.820875 0.617989 0.131200 0.031746
2 0.943987 0.616997 0.111430 0.028439
2 0.121742 0.651058 0.127605 0.030423
2 0.230476 0.651389 0.089863 0.029762
2 0.363473 0.650728 0.179726 0.029762
2 0.514443 0.650728 0.118619 0.029762
2 0.660919 0.650728 0.177928 0.029762
2 0.820875 0.650397 0.138389 0.030423
2 0.943987 0.647421 0.107835 0.031085
2 0.123539 0.681812 0.120416 0.028439
2 0.231375 0.681812 0.091660 0.029762
2 0.365270 0.681151 0.168942 0.031085
2 0.514443 0.681812 0.125808 0.029762
2 0.666311 0.680159 0.177928 0.029101
2 0.819976 0.680820 0.132997 0.027778
2 0.944885 0.680159 0.106038 0.030423
2 0.120843 0.713889 0.118619 0.033069
2 0.231375 0.714550 0.095255 0.034392
2 0.366169 0.713889 0.170739 0.033069
2 0.517138 0.713889 0.127605 0.033069
2 0.668108 0.712897 0.174334 0.033730
2 0.820875 0.711574 0.131200 0.033730
2 0.943987 0.711243 0.107835 0.031746
1 0.121217 0.746774 0.122097 0.029954
1 0.233140 0.747350 0.098617 0.028802
1 0.366978 0.747638 0.172189 0.029378
1 0.520382 0.747062 0.122097 0.030530
1 0.669873 0.745046 0.180016 0.031106
1 0.822495 0.743606 0.131490 0.031682
1 0.943810 0.743030 0.111140 0.031682
1 0.119495 0.778388 0.126914 0.032967
1 0.120117 0.811126 0.130647 0.032509
1 0.119495 0.842949 0.129402 0.030220
1 0.120740 0.874634 0.131891 0.032051
1 0.123228 0.906685 0.126914 0.030220
1 0.126961 0.936676 0.124425 0.028846
1 0.233967 0.778251 0.099540 0.032509
1 0.369590 0.778251 0.174196 0.032509
1 0.521514 0.778480 0.123181 0.032051
1 0.670202 0.778022 0.176684 0.032967
1 0.826356 0.776191 0.130647 0.032967
1 0.945183 0.775733 0.107006 0.032967
1 0.236580 0.811447 0.100785 0.032967
1 0.372203 0.810760 0.170463 0.032509
1 0.521514 0.811218 0.123181 0.031593
1 0.670202 0.810302 0.176684 0.029762
1 0.823370 0.808013 0.133135 0.029762
1 0.944063 0.807326 0.108250 0.029304
1 0.237077 0.843040 0.100785 0.029304
1 0.238944 0.874634 0.099540 0.032051
1 0.238322 0.906227 0.103273 0.030220
1 0.242054 0.936905 0.103273 0.028388
1 0.374567 0.843040 0.171707 0.031136
1 0.375812 0.874405 0.171707 0.031593
1 0.377056 0.905769 0.171707 0.029304
1 0.379545 0.935760 0.169219 0.027930
1 0.522634 0.842125 0.124425 0.029304
1 0.525122 0.873260 0.124425 0.032051
1 0.526367 0.905082 0.126914 0.029762
1 0.528233 0.935073 0.128158 0.028388
1 0.672566 0.841438 0.175440 0.030678
1 0.675055 0.872344 0.175440 0.030220
1 0.677543 0.903480 0.170463 0.031136
1 0.678788 0.934386 0.172951 0.028846
1 0.828720 0.840522 0.134379 0.033425
1 0.829965 0.873031 0.131891 0.029762
1 0.831209 0.903709 0.131891 0.030678
1 0.833697 0.934386 0.134379 0.029762
1 0.947547 0.839835 0.100785 0.033883
1 0.947547 0.872573 0.098296 0.029762
1 0.947547 0.903938 0.098296 0.030220
1 0.949413 0.935073 0.092075 0.029304