1 0.021104 0.087564 0.042208 0.081166
1 0.071834 0.087564 0.059253 0.096267
1 0.030844 0.249896 0.056818 0.118918
1 0.055195 0.442429 0.110390 0.122693
1 0.046266 0.553796 0.092532 0.134018
1 0.137581 0.449979 0.072240 0.107592
1 0.117695 0.555684 0.068182 0.130243
1 0.283279 0.449035 0.079545 0.109480
1 0.264205 0.559459 0.083604 0.141569
1 0.336851 0.454698 0.064935 0.117030
1 0.328734 0.565122 0.056818 0.134018
1 0.413961 0.453754 0.115260 0.118918
1 0.413149 0.572672 0.113636 0.115142
1 0.518669 0.565122 0.100649 0.107592
1 0.512175 0.449979 0.094156 0.115142
1 0.581575 0.171561 0.046266 0.090604
1 0.634740 0.162123 0.079545 0.109480
1 0.584416 0.268771 0.050325 0.088716
1 0.642857 0.256502 0.073052 0.101929
1 0.578734 0.348994 0.042208 0.101929
1 0.639610 0.340499 0.077922 0.100042
1 0.583198 0.452810 0.044643 0.101929
1 0.650974 0.452810 0.087662 0.083054
1 0.594156 0.572672 0.058442 0.115142
1 0.661120 0.566065 0.086851 0.132131
1 0.596185 0.714240 0.057630 0.171770
1 0.668019 0.724622 0.090909 0.181208
1 0.744724 0.456586 0.107955 0.105705
1 0.756899 0.570784 0.112825 0.126468
1 0.822240 0.460361 0.068182 0.101929
1 0.836851 0.571728 0.074675 0.124580
1 0.892857 0.464136 0.090909 0.094379
1 0.909903 0.575503 0.099026 0.120805
1 0.964692 0.465080 0.070616 0.103817
1 0.969968 0.569840 0.060064 0.135906
2 0.133523 0.077182 0.080357 0.094379
2 0.210633 0.076238 0.051136 0.092491
2 0.116071 0.164954 0.082792 0.084941
2 0.196834 0.168730 0.072240 0.084941
2 0.100244 0.256502 0.081981 0.090604
2 0.179789 0.248952 0.059253 0.071728
2 0.085633 0.339556 0.091721 0.094379
2 0.159497 0.338612 0.064123 0.103817
2 0.320617 0.154573 0.050325 0.086829
2 0.308442 0.249896 0.058442 0.111367
2 0.300731 0.348050 0.065747 0.111367
2 0.366071 0.163067 0.048701 0.084941
2 0.429383 0.164011 0.086039 0.094379
2 0.356331 0.248952 0.048701 0.086829
2 0.351867 0.337668 0.047890 0.101929
2 0.426542 0.252727 0.096591 0.098154
2 0.423701 0.341443 0.100649 0.105705
2 0.516234 0.167786 0.086039 0.098154
2 0.514205 0.250839 0.090097 0.083054
2 0.515016 0.341443 0.090097 0.105705
2 0.709821 0.168730 0.090097 0.084941
2 0.717127 0.254615 0.096591 0.086829
2 0.726461 0.349937 0.099026 0.096267
2 0.782062 0.169673 0.057630 0.067953
2 0.795455 0.255558 0.060065 0.100042
2 0.805195 0.351825 0.064935 0.100042
2 0.844968 0.176280 0.074675 0.092491
2 0.856737 0.257446 0.083604 0.096267
2 0.872971 0.356544 0.083604 0.098154
2 0.901786 0.164954 0.076299 0.092491
2 0.926542 0.263109 0.073864 0.096267
2 0.946023 0.357488 0.077110 0.096267