2 0.568265 0.161451 0.070755 0.061929
2 0.633124 0.163962 0.057652 0.066951
2 0.677460 0.159815 0.034030 0.068003
2 0.707783 0.161536 0.034030 0.066281
2 0.738275 0.161106 0.035714 0.065420
2 0.763544 0.096977 0.033019 0.061116
2 0.803639 0.097838 0.061321 0.062838
2 0.850303 0.099559 0.043464 0.064560
2 0.767419 0.164980 0.032682 0.064560
2 0.810546 0.164549 0.063005 0.065420
2 0.856806 0.164119 0.043801 0.064560
2 0.887298 0.102572 0.041442 0.060256
2 0.894373 0.163258 0.042116 0.057673
2 0.572439 0.234704 0.072776 0.064560
2 0.635950 0.229970 0.064353 0.065420
2 0.682278 0.229539 0.037736 0.066281
2 0.712601 0.228678 0.033019 0.066281
2 0.743363 0.229539 0.038073 0.062838
2 0.773854 0.229109 0.032345 0.065420
2 0.816476 0.232122 0.064353 0.068003
2 0.863814 0.230830 0.044474 0.061977
2 0.901449 0.230400 0.046833 0.069724
2 0.574292 0.303654 0.072439 0.074028
2 0.640802 0.300210 0.065701 0.072307
2 0.686624 0.299780 0.036051 0.071446
2 0.716813 0.300210 0.034030 0.068864
2 0.748147 0.298489 0.040094 0.068864
2 0.779549 0.298919 0.034704 0.069724
2 0.822743 0.298489 0.065027 0.065420
2 0.871395 0.298919 0.047507 0.066281
2 0.908962 0.298058 0.043801 0.064560
2 0.576946 0.376564 0.070427 0.076993
2 0.643933 0.371543 0.068134 0.071972
2 0.691136 0.371961 0.038325 0.069461
2 0.722255 0.369869 0.035050 0.073646
2 0.753177 0.369032 0.038325 0.070298
2 0.784788 0.369450 0.037343 0.071135
2 0.502906 0.236137 0.067807 0.074244
2 0.503959 0.313609 0.069912 0.074244
2 0.504801 0.384624 0.071597 0.080700
2 0.436995 0.240979 0.062332 0.073168
2 0.436995 0.312533 0.063174 0.076396
2 0.435731 0.388390 0.064016 0.079624
2 0.435521 0.466938 0.064437 0.077472
2 0.390035 0.243131 0.033272 0.075320
2 0.358448 0.246897 0.027375 0.072092
2 0.327914 0.252277 0.030323 0.067788
2 0.299276 0.256043 0.026954 0.071016
2 0.254296 0.262499 0.062332 0.079624
2 0.192175 0.272183 0.058541 0.079624
2 0.153639 0.278101 0.032850 0.069940
2 0.127106 0.281867 0.036220 0.066712
2 0.087727 0.288323 0.059383 0.068864
2 0.049613 0.292627 0.042958 0.064560
2 0.388982 0.317267 0.032850 0.069940
2 0.358448 0.321033 0.032429 0.073168
2 0.327914 0.322109 0.033693 0.066712
2 0.298223 0.326413 0.034114 0.071016
2 0.252738 0.335021 0.072861 0.079624
2 0.192091 0.341477 0.065280 0.071016
2 0.148290 0.345781 0.035799 0.066712
2 0.120494 0.349547 0.035799 0.069940
2 0.081115 0.356541 0.058962 0.071016
2 0.042369 0.359769 0.039589 0.071016
2 0.387466 0.390973 0.032850 0.075320
2 0.356090 0.393663 0.032429 0.074244
2 0.325345 0.396890 0.036641 0.078548
2 0.293969 0.400656 0.032850 0.075320
2 0.248063 0.405498 0.070755 0.076396
2 0.186784 0.411954 0.069491 0.072092
2 0.142352 0.416796 0.037904 0.066712
2 0.114134 0.420024 0.036220 0.068864
2 0.076019 0.423790 0.061068 0.067788
2 0.036093 0.424866 0.038325 0.065636
1 0.505559 0.465216 0.074966 0.075320
1 0.579473 0.461450 0.072861 0.082851
1 0.648964 0.457684 0.067807 0.083927
1 0.695418 0.453380 0.037904 0.075320
1 0.727426 0.450152 0.036220 0.073168
1 0.759855 0.449076 0.040431 0.071016
1 0.790179 0.445848 0.038747 0.073168
1 0.817133 0.373219 0.041274 0.072092
1 0.846614 0.372681 0.032008 0.064560
1 0.878411 0.371067 0.046749 0.067788
1 0.918211 0.369991 0.043801 0.065636
1 0.823661 0.443696 0.040852 0.068864
1 0.852931 0.443696 0.034535 0.066712
1 0.886413 0.443158 0.045064 0.063484
1 0.925160 0.441544 0.045906 0.064560
1 0.581242 0.543010 0.076230 0.072092
1 0.651154 0.538168 0.070334 0.071016
1 0.701272 0.532788 0.041695 0.073168
1 0.733701 0.531174 0.036641 0.074244
1 0.765246 0.524719 0.040431 0.072092
1 0.798181 0.523105 0.037904 0.073168
1 0.843876 0.518801 0.070334 0.077472
1 0.892731 0.515573 0.047591 0.073168
1 0.931477 0.511269 0.043379 0.073168
1 0.583811 0.624786 0.080020 0.085003
1 0.653723 0.618868 0.073282 0.081775
1 0.705905 0.613488 0.042537 0.077472
1 0.738755 0.612950 0.039168 0.078548
1 0.772658 0.606494 0.042116 0.080700
1 0.805088 0.607032 0.042116 0.083927
1 0.852089 0.601114 0.069912 0.082851
1 0.900522 0.594120 0.045485 0.075320
1 0.935057 0.587126 0.035377 0.069940
1 0.112113 0.726467 0.036220 0.081775
1 0.160125 0.728619 0.074124 0.094687
1 0.227721 0.729157 0.077914 0.095763
1 0.278976 0.725929 0.037062 0.100067
1 0.312247 0.725929 0.039589 0.100067
1 0.346151 0.723777 0.034956 0.095763
1 0.380054 0.720011 0.037904 0.094687
1 0.434720 0.719473 0.070755 0.093611
1 0.508929 0.716783 0.079178 0.094687
1 0.586717 0.710865 0.078757 0.089307
1 0.660209 0.706023 0.073282 0.086079
1 0.713106 0.701719 0.041274 0.088231
1 0.746799 0.697953 0.039589 0.087155
1 0.779650 0.693649 0.042958 0.089307
1 0.814690 0.693649 0.037904 0.085003
1 0.859965 0.686656 0.066964 0.077472
1 0.909493 0.679124 0.042537 0.075320
1 0.939086 0.666614 0.026025 0.082072
1 0.045218 0.809565 0.044730 0.077917
1 0.078765 0.819954 0.032938 0.086228
1 0.105603 0.817357 0.031311 0.091422
1 0.153383 0.823590 0.074821 0.087267
1 0.221901 0.819435 0.077668 0.087267
1 0.273341 0.818396 0.035784 0.085189
1 0.309328 0.817357 0.037004 0.083111
1 0.342876 0.814240 0.034971 0.087267
1 0.379270 0.814240 0.037004 0.089345
1 0.433840 0.812474 0.071161 0.088306
1 0.510085 0.809357 0.080514 0.086228
1 0.590599 0.805721 0.082141 0.091422
1 0.666558 0.796371 0.074008 0.099733
1 0.718608 0.793255 0.044730 0.095578
1 0.750732 0.790138 0.040664 0.087267
1 0.788142 0.785982 0.043917 0.089345
1 0.823113 0.781827 0.040664 0.085189
1 0.867315 0.777671 0.063842 0.099733
1 0.911231 0.762607 0.043510 0.092461
2 0.506347 0.545100 0.073183 0.081522
2 0.506000 0.628838 0.077345 0.084181
2 0.435072 0.545543 0.068674 0.082408
2 0.432297 0.627066 0.070755 0.087725
2 0.385440 0.468718 0.037805 0.079750
2 0.354745 0.470933 0.035377 0.080636
2 0.323703 0.475363 0.037112 0.078864
2 0.293528 0.478465 0.040580 0.081522
2 0.245803 0.484668 0.080119 0.088611
2 0.184968 0.488212 0.078038 0.076206
2 0.139012 0.488212 0.045782 0.076206
2 0.113624 0.492200 0.047170 0.073547
2 0.072350 0.491756 0.067286 0.072661
2 0.034059 0.495744 0.044395 0.064686
2 0.385232 0.549974 0.037805 0.078864
2 0.352456 0.551303 0.033296 0.077978
2 0.321240 0.553519 0.040233 0.077092
2 0.290719 0.557506 0.038846 0.076206
2 0.242266 0.562025 0.077345 0.073547
2 0.179731 0.567342 0.080466 0.071775
2 0.132041 0.567342 0.046823 0.068231
2 0.105161 0.566899 0.042314 0.069117
2 0.065171 0.567342 0.066940 0.075320
2 0.028683 0.567785 0.037805 0.074433
2 0.382180 0.632648 0.034337 0.081522
2 0.350271 0.632648 0.032256 0.085067
2 0.316801 0.637079 0.034684 0.085067
2 0.283678 0.639294 0.031562 0.084181
2 0.231826 0.641952 0.075610 0.078864
2 0.166308 0.642839 0.069021 0.073547
2 0.123127 0.640623 0.045782 0.076206
2 0.095900 0.647712 0.044048 0.069117
2 0.056361 0.645054 0.055841 0.081522
2 0.083935 0.732779 0.033296 0.079750
2 0.052719 0.731007 0.054800 0.081522