2 0.077313 0.958595 0.132612 0.039246
2 0.076038 0.922292 0.150463 0.043171
2 0.193348 0.960067 0.109660 0.040228
2 0.198449 0.933575 0.104559 0.038265
2 0.331061 0.962029 0.165765 0.055926
2 0.322135 0.921801 0.198918 0.036303
2 0.473873 0.958595 0.140262 0.043171
2 0.457297 0.927198 0.147913 0.037284
2 0.644738 0.958104 0.181066 0.040228
2 0.631987 0.922783 0.206568 0.038265
2 0.804128 0.959086 0.163214 0.040228
2 0.786276 0.923764 0.158114 0.034341
2 0.918888 0.956633 0.112210 0.039246
2 0.906137 0.928179 0.127511 0.035322
0 0.086239 0.885498 0.130062 0.040228
0 0.203549 0.888932 0.135162 0.037284
0 0.271130 0.890404 0.107109 0.032378
0 0.369314 0.889914 0.119861 0.033359
0 0.472598 0.890404 0.147913 0.032378
0 0.569507 0.890895 0.117310 0.029435
0 0.667690 0.891876 0.114760 0.037284
0 0.790101 0.891876 0.150463 0.033359
0 0.909962 0.893348 0.109660 0.024529
0 0.078588 0.858026 0.145363 0.034341
0 0.192073 0.858516 0.117310 0.029435
0 0.283881 0.858516 0.102009 0.035322
0 0.370589 0.859007 0.117310 0.032378
0 0.473873 0.861951 0.140262 0.036303
0 0.588633 0.862441 0.104559 0.033359
0 0.677891 0.860969 0.104559 0.034341
0 0.778625 0.859988 0.158114 0.036303
0 0.908687 0.858026 0.117310 0.032378
0 0.077313 0.824666 0.147913 0.032378
0 0.211200 0.825157 0.094358 0.033359
0 0.282606 0.828100 0.109660 0.035322
0 0.368039 0.823195 0.107109 0.031397
0 0.476424 0.823195 0.165765 0.035322
0 0.631987 0.825157 0.175966 0.037284
0 0.790101 0.824176 0.170865 0.035322
0 0.915062 0.823195 0.109660 0.025510
0 0.081138 0.787873 0.135162 0.041209
0 0.188248 0.795722 0.119861 0.049058
0 0.281331 0.790326 0.127511 0.044152
0 0.371864 0.789345 0.094358 0.032378
0 0.473873 0.790326 0.130062 0.042190
0 0.635813 0.789345 0.198918 0.030416
0 0.792652 0.788854 0.145363 0.037284
0 0.920163 0.793760 0.140262 0.037284
0 0.082414 0.752551 0.132612 0.029435
0 0.190798 0.755495 0.109660 0.037284
0 0.280056 0.756476 0.109660 0.037284
0 0.351462 0.757947 0.089258 0.032378
0 0.458572 0.757457 0.145363 0.037284
0 0.573332 0.756476 0.124961 0.041209
0 0.668966 0.757457 0.107109 0.035322
0 0.767149 0.756966 0.135162 0.036303
0 0.906137 0.755495 0.127511 0.029435
0 0.070938 0.716739 0.140262 0.034341
0 0.198449 0.715757 0.114760 0.032378
0 0.290257 0.720173 0.109660 0.029435
0 0.371864 0.725078 0.109660 0.041209
0 0.470048 0.726060 0.127511 0.035322
0 0.568232 0.730475 0.124961 0.044152
0 0.662590 0.724097 0.145363 0.045133
0 0.751848 0.723607 0.130062 0.038265
0 0.825804 0.724097 0.079057 0.041209
0 0.903586 0.720663 0.112210 0.034341
0 0.074763 0.684851 0.117310 0.031397
0 0.175497 0.687794 0.119861 0.031397
0 0.310659 0.688285 0.226970 0.036303
0 0.473873 0.685341 0.135162 0.036303
0 0.631987 0.688776 0.170865 0.033359
0 0.782451 0.685341 0.140262 0.028454
0 0.898486 0.692210 0.107109 0.028454
0 0.077313 0.654925 0.127511 0.034341
0 0.188248 0.652473 0.119861 0.033359
0 0.317034 0.651001 0.183616 0.036303
0 0.471323 0.654925 0.155564 0.034341
0 0.621786 0.657869 0.175966 0.040228
0 0.783726 0.656888 0.158114 0.030416
0 0.899761 0.659831 0.114760 0.028454
0 0.083689 0.621075 0.114760 0.029435
0 0.169121 0.615188 0.086708 0.031397
0 0.325960 0.618132 0.175966 0.039246
0 0.482799 0.616660 0.117310 0.026491
0 0.600109 0.626472 0.188717 0.038265
0 0.767149 0.623038 0.145363 0.029435
0 0.894661 0.623038 0.114760 0.037284
0 0.066709 0.584282 0.133418 0.032378
0 0.176772 0.585754 0.127511 0.033359
0 0.324685 0.583301 0.158114 0.032378
0 0.485349 0.582319 0.137712 0.026491
0 0.614136 0.587716 0.191267 0.039246
0 0.776075 0.589188 0.153014 0.026491
0 0.911237 0.591641 0.107109 0.031397
0 0.078588 0.551903 0.104559 0.038265
0 0.174222 0.549941 0.112210 0.028454
0 0.315759 0.544545 0.175966 0.027473
0 0.473873 0.551413 0.150463 0.035322
0 0.630712 0.551413 0.153014 0.033359
0 0.773525 0.556319 0.158114 0.037284
0 0.912512 0.552885 0.089258 0.028454
0 0.086239 0.514619 0.135162 0.032378
0 0.169121 0.518544 0.137712 0.040228
0 0.325960 0.517072 0.181066 0.037284
0 0.463672 0.515110 0.099459 0.029435
0 0.619236 0.519035 0.186166 0.033359
0 0.781176 0.520506 0.142813 0.032378
0 0.901036 0.520997 0.102009 0.029435
0 0.076038 0.481260 0.130062 0.034341
0 0.179322 0.482241 0.102009 0.032378
0 0.317034 0.485184 0.188717 0.034341
0 0.462397 0.487147 0.142813 0.032378
0 0.624337 0.486166 0.145363 0.032378
0 0.782451 0.487637 0.145363 0.035322
0 0.902311 0.488128 0.109660 0.030416
0 0.076038 0.442504 0.135162 0.033359
0 0.192073 0.443976 0.122411 0.036303
0 0.319585 0.445447 0.173415 0.033359
0 0.454747 0.450844 0.158114 0.036303
0 0.617961 0.451825 0.178516 0.036303
0 0.769700 0.454768 0.150463 0.036303
0 0.901036 0.453787 0.096909 0.034341
