2 0.554695 0.072615 0.033693 0.050843
2 0.602145 0.073094 0.061208 0.051803
2 0.660613 0.075938 0.056604 0.062451
2 0.720755 0.090040 0.063679 0.062451
2 0.783255 0.090040 0.063679 0.062451
2 0.843396 0.095077 0.058962 0.056407
2 0.912972 0.109178 0.028302 0.044320
2 0.943042 0.112200 0.029481 0.050364
2 0.553066 0.118853 0.036688 0.042529
2 0.602529 0.125008 0.063548 0.050364
2 0.661819 0.126127 0.056342 0.045887
2 0.721764 0.132283 0.060928 0.044768
2 0.784002 0.137319 0.066169 0.048125
2 0.845257 0.141796 0.060273 0.048125
2 0.916667 0.151309 0.028826 0.038052
2 0.945165 0.155226 0.033412 0.041410
2 0.551756 0.161382 0.034067 0.040291
2 0.600236 0.165859 0.062893 0.044768
2 0.661164 0.166978 0.056342 0.044768
2 0.722091 0.177051 0.064203 0.049244
2 0.784984 0.180968 0.070755 0.050364
2 0.847877 0.187683 0.056342 0.045887
2 0.916339 0.194958 0.033412 0.049244
2 0.947131 0.197756 0.030791 0.039172
2 0.551756 0.256513 0.032757 0.047006
2 0.600236 0.261550 0.062893 0.050364
2 0.662474 0.264347 0.060273 0.049244
2 0.723729 0.269384 0.068789 0.054840
2 0.789570 0.273861 0.065514 0.052602
2 0.851481 0.278337 0.056997 0.052602
2 0.922235 0.285612 0.036032 0.051483
2 0.549790 0.298483 0.028826 0.039172
2 0.599908 0.304638 0.067479 0.044768
2 0.661491 0.311354 0.058307 0.040291
2 0.723401 0.313032 0.068134 0.048125
2 0.790225 0.323105 0.066824 0.048125
2 0.855084 0.327022 0.064203 0.051483
2 0.924528 0.330380 0.034067 0.042529
2 0.955385 0.286843 0.032102 0.045887
2 0.957678 0.336647 0.036688 0.049244
1 0.551821 0.206821 0.034722 0.042529
1 0.600301 0.210179 0.067479 0.049244
1 0.665815 0.212417 0.064858 0.053721
1 0.726743 0.222490 0.062238 0.049244
1 0.788653 0.227526 0.060273 0.052602
1 0.849908 0.234801 0.058307 0.047006
1 0.920663 0.240397 0.034722 0.044768
1 0.955385 0.243195 0.033412 0.043648
1 0.550183 0.350637 0.034067 0.052602
1 0.547235 0.402680 0.033412 0.049244
1 0.600629 0.355114 0.066824 0.054840
1 0.663850 0.359031 0.058307 0.049244
1 0.726415 0.362948 0.064203 0.050364
1 0.793567 0.365746 0.067479 0.053721
1 0.857442 0.370783 0.057652 0.050364
1 0.928525 0.379736 0.030791 0.048125
1 0.962592 0.379176 0.037343 0.042529
1 0.663850 0.458639 0.059617 0.049244
1 0.664177 0.512920 0.058962 0.050364
1 0.728381 0.513479 0.068134 0.055960
1 0.725432 0.461997 0.067479 0.051483
1 0.795532 0.466473 0.070100 0.055960
1 0.797497 0.520754 0.072720 0.052602
1 0.862356 0.469831 0.059617 0.055960
1 0.864321 0.524112 0.060928 0.050364
1 0.966523 0.431778 0.037343 0.051483
1 0.927542 0.430659 0.034067 0.049244
1 0.934748 0.478225 0.031447 0.050364
1 0.970453 0.479904 0.036032 0.055960
1 0.971436 0.531386 0.040618 0.047006
1 0.935731 0.527469 0.029481 0.043648
1 0.597026 0.614766 0.070100 0.045887
1 0.665160 0.619803 0.062238 0.055960
1 0.664177 0.676322 0.060273 0.054840
2 0.542649 0.612528 0.037343 0.054840
1 0.516509 0.292439 0.036688 0.050364
1 0.513234 0.345601 0.036688 0.047006
1 0.512906 0.395964 0.034722 0.051483
1 0.461150 0.387011 0.071410 0.044768
1 0.462788 0.340564 0.066824 0.050364
1 0.465409 0.287403 0.068134 0.060436
1 0.403826 0.288522 0.058962 0.060436
1 0.398912 0.340005 0.063548 0.049244
1 0.397930 0.388690 0.062893 0.050364
1 0.393999 0.440172 0.062893 0.043648
1 0.332416 0.381974 0.068134 0.045887
1 0.338968 0.332170 0.066824 0.051483
1 0.342898 0.282366 0.062893 0.050364
1 0.272799 0.281247 0.074686 0.048125
1 0.267230 0.331611 0.072720 0.050364
1 0.265265 0.381974 0.070100 0.043648
1 0.201716 0.329372 0.063548 0.045887
1 0.205975 0.273973 0.061583 0.055960
1 0.132600 0.276211 0.024895 0.047006
1 0.101153 0.275092 0.032757 0.049244
1 0.089885 0.323777 0.039308 0.048125
1 0.128538 0.327134 0.031447 0.050364
1 0.085626 0.370223 0.045204 0.047006
1 0.123297 0.372461 0.027516 0.044768
0 0.794877 0.417453 0.068789 0.044768
0 0.725563 0.413536 0.066169 0.054840
0 0.661032 0.409059 0.061583 0.052602
0 0.599777 0.407940 0.068789 0.045887
0 0.598139 0.455505 0.070755 0.049244
0 0.598467 0.505869 0.072720 0.047006
0 0.597484 0.560150 0.072065 0.052602
0 0.663653 0.561269 0.062893 0.052602
0 0.729494 0.568544 0.068789 0.047006
0 0.798939 0.573020 0.072720 0.049244
0 0.866745 0.574140 0.064203 0.044768
0 0.941431 0.579736 0.041929 0.049244
0 0.975498 0.581974 0.040618 0.049244
0 0.729167 0.621146 0.068134 0.055960
0 0.729167 0.677105 0.072065 0.053721
0 0.800904 0.624503 0.071410 0.053721
0 0.801887 0.684380 0.072065 0.057079
0 0.870021 0.626742 0.066824 0.055960
0 0.871986 0.685499 0.065514 0.054840
0 0.943396 0.633457 0.040618 0.053721
0 0.980411 0.634576 0.033412 0.049244
0 0.981394 0.689192 0.035377 0.053721
0 0.946999 0.687514 0.033412 0.054840
0 0.951913 0.745712 0.027516 0.054840
0 0.985456 0.743473 0.029088 0.052602
0 0.987421 0.799433 0.025157 0.063794
0 0.957482 0.801671 0.030791 0.063794
0 0.872969 0.740116 0.067479 0.052602
0 0.874607 0.794956 0.062893 0.059317
0 0.802214 0.739556 0.075341 0.051483
0 0.805162 0.800552 0.072065 0.068271
0 0.730149 0.732841 0.066169 0.053721
0 0.731787 0.792158 0.070755 0.058198
0 0.663325 0.728924 0.063548 0.050364
0 0.662670 0.788241 0.068789 0.057079
0 0.595191 0.668487 0.076651 0.054840
0 0.593226 0.730043 0.072720 0.057079
0 0.593881 0.789360 0.071410 0.057079
0 0.539505 0.782645 0.037343 0.050364
0 0.539177 0.723328 0.036688 0.061556
0 0.537212 0.670166 0.039308 0.060436
0 0.499541 0.780407 0.038653 0.054840
0 0.502490 0.723887 0.039308 0.060436
0 0.502817 0.665130 0.037343 0.061556
1 0.505438 0.608051 0.034722 0.057079
0 0.543763 0.561045 0.035377 0.054840
0 0.545073 0.505645 0.035377 0.051483
0 0.545073 0.451924 0.039308 0.055960
0 0.509696 0.447447 0.035377 0.049244
0 0.508386 0.501168 0.036688 0.055960
0 0.507075 0.553770 0.040618 0.047006
0 0.457940 0.440732 0.068134 0.053721
0 0.455975 0.496692 0.069444 0.051483
0 0.453027 0.551532 0.067479 0.051483
0 0.452372 0.605813 0.070100 0.052602
0 0.447458 0.662332 0.069444 0.053721
0 0.445493 0.720530 0.069444 0.058198
0 0.442217 0.781526 0.070755 0.054840
0 0.391247 0.492215 0.061583 0.049244
0 0.387644 0.548174 0.059617 0.053721
0 0.384041 0.603015 0.065514 0.055960
0 0.380438 0.657855 0.062238 0.049244
0 0.376834 0.717172 0.064203 0.055960
0 0.374214 0.773132 0.066824 0.051483
0 0.331302 0.435136 0.066169 0.058198
0 0.326061 0.490536 0.067479 0.048125
0 0.322458 0.540900 0.070755 0.048125
0 0.319838 0.593502 0.075996 0.052602
0 0.315579 0.651700 0.074030 0.057079
0 0.309028 0.709338 0.072720 0.053721
0 0.305425 0.768095 0.077306 0.063794
0 0.260875 0.430659 0.075996 0.051483
0 0.253996 0.484940 0.072720 0.052602
0 0.249738 0.538661 0.077306 0.050364
0 0.245152 0.590144 0.078616 0.057079
0 0.238601 0.647782 0.077306 0.051483
0 0.234670 0.703182 0.078616 0.054840
0 0.227136 0.764738 0.080582 0.057079
0 0.193724 0.424056 0.070100 0.054840
0 0.185535 0.480575 0.065514 0.049244
0 0.180293 0.532618 0.066824 0.052602
0 0.175708 0.584660 0.068134 0.053721
0 0.167846 0.640060 0.068134 0.048125
0 0.160639 0.696020 0.069444 0.057079
0 0.155071 0.756344 0.068789 0.058198
0 0.112159 0.422265 0.037998 0.054840
0 0.073506 0.421146 0.036688 0.048125
0 0.107901 0.474308 0.042584 0.049244
0 0.072524 0.469271 0.041274 0.050364
0 0.101022 0.527469 0.039308 0.054840
0 0.064007 0.520754 0.043894 0.054840
0 0.094143 0.579512 0.041274 0.055960
0 0.057783 0.578393 0.047170 0.060436
0 0.088247 0.635471 0.043894 0.055960
0 0.046318 0.632114 0.045204 0.049244
0 0.079730 0.689752 0.046515 0.068271
0 0.039112 0.688633 0.041274 0.057079
0 0.073506 0.748510 0.047170 0.060436
0 0.034198 0.742914 0.051101 0.058198
2 0.198244 0.378169 0.069444 0.054840
2 0.859834 0.422772 0.060600 0.050923
2 0.150218 0.817669 0.066219 0.064310
2 0.224147 0.829291 0.080733 0.070509
2 0.301252 0.831616 0.071662 0.064310
2 0.369058 0.833940 0.066673 0.064310
2 0.440947 0.837427 0.078012 0.063536
2 0.877222 0.855635 0.073022 0.059661
2 0.804880 0.856022 0.072569 0.052688
2 0.732085 0.851761 0.075744 0.058112
2 0.663371 0.847887 0.065312 0.058112
2 0.498911 0.840734 0.035680 0.059920
2 0.538068 0.840992 0.037192 0.066635
2 0.592042 0.849257 0.069545 0.059403
2 0.959906 0.859418 0.036916 0.054305