2 0.127235 0.412707 0.171241 0.035264
2 0.308699 0.413603 0.176353 0.041839
2 0.448631 0.411512 0.108623 0.037655
2 0.538085 0.411512 0.080509 0.037655
2 0.655015 0.410615 0.153350 0.039448
2 0.132346 0.455442 0.178909 0.046620
2 0.811560 0.407328 0.154628 0.046022
2 0.306143 0.450362 0.171241 0.040045
2 0.454382 0.445580 0.112457 0.030482
2 0.544333 0.444173 0.085904 0.044403
2 0.659488 0.445879 0.144405 0.039448
2 0.821144 0.447074 0.163574 0.041839
1 0.141931 0.491005 0.175075 0.037655
1 0.302309 0.488913 0.184020 0.033471
1 0.452465 0.483832 0.134181 0.035264
1 0.550226 0.484430 0.089454 0.037655
1 0.669072 0.482637 0.155906 0.037655
1 0.818588 0.482338 0.161018 0.033471
1 0.141292 0.527763 0.178909 0.035862
1 0.317644 0.526567 0.184020 0.038252
1 0.462688 0.521188 0.129070 0.039448
1 0.560449 0.521487 0.094566 0.035264
1 0.677378 0.521188 0.157184 0.035862
1 0.831368 0.517004 0.161018 0.035862
1 0.141292 0.566314 0.184020 0.041241
1 0.317644 0.564222 0.178909 0.038252
1 0.471634 0.560038 0.139293 0.038252
1 0.571311 0.559739 0.080509 0.037655
1 0.685685 0.555854 0.155906 0.041839
1 0.839674 0.552866 0.169963 0.039448
2 0.155349 0.608451 0.184020 0.037057
2 0.336174 0.602176 0.187854 0.041241
2 0.483774 0.599785 0.115013 0.037655
2 0.584729 0.597095 0.084343 0.039448
2 0.693991 0.594704 0.159740 0.039448
2 0.851175 0.591417 0.164851 0.037655
2 0.855648 0.626382 0.166129 0.039448
2 0.697186 0.629371 0.150794 0.041839
2 0.586007 0.631761 0.071563 0.041839
2 0.490991 0.637439 0.126138 0.037655
2 0.345120 0.640129 0.162296 0.041839
2 0.168767 0.641324 0.175075 0.046620
2 0.177712 0.681968 0.175075 0.047815
2 0.355982 0.678979 0.173797 0.041839
2 0.503582 0.674198 0.129070 0.038252
2 0.593675 0.672106 0.076675 0.042436
2 0.708687 0.664933 0.161018 0.040045
2 0.860760 0.662543 0.161018 0.031678
2 0.190492 0.720818 0.187854 0.047815
2 0.369400 0.719025 0.162296 0.047815
2 0.515083 0.713645 0.129070 0.041839
2 0.603898 0.707071 0.074119 0.033471
2 0.719550 0.704979 0.157184 0.037655
2 0.876095 0.699600 0.166129 0.035264
2 0.196881 0.758771 0.182742 0.046022
2 0.378985 0.755484 0.178909 0.039448
2 0.520833 0.751300 0.120124 0.039448
2 0.614121 0.745323 0.084343 0.039448
2 0.731051 0.742036 0.169963 0.042436
2 0.881845 0.734565 0.157184 0.039448
2 0.203910 0.795828 0.214690 0.037655
2 0.386652 0.794334 0.171241 0.044229
2 0.538085 0.788357 0.134181 0.039448
2 0.621789 0.785368 0.066452 0.041839
2 0.205188 0.838563 0.201911 0.044229
2 0.741274 0.777598 0.175075 0.041839
2 0.889513 0.769828 0.152072 0.039448
2 0.394593 0.828402 0.186370 0.038175
2 0.535391 0.825221 0.122433 0.044538
2 0.625175 0.819813 0.078901 0.046447
2 0.740125 0.810905 0.151000 0.042629
2 0.892486 0.806452 0.142838 0.037539
0 0.219106 0.874531 0.219019 0.040084
2 0.359904 0.870395 0.089784 0.041993
0 0.442886 0.865305 0.076180 0.044538
0 0.547634 0.859579 0.133316 0.041993
2 0.640819 0.857034 0.072099 0.043265
0 0.752369 0.848444 0.161883 0.046447
2 0.872081 0.843991 0.066658 0.046447
0 0.942820 0.840491 0.085703 0.039448
2 0.185777 0.916205 0.122433 0.044538
0 0.279642 0.909525 0.081622 0.040084
0 0.393232 0.907298 0.167325 0.039448
0 0.546273 0.898708 0.146919 0.040084
2 0.641499 0.892346 0.081622 0.038811
0 0.762571 0.889483 0.171406 0.044538
0 0.917653 0.879621 0.138757 0.033721
0 0.236512 0.953031 0.195089 0.041839
2 0.377588 0.948654 0.095226 0.041993
0 0.455129 0.940701 0.089784 0.040084
0 0.559877 0.934020 0.138757 0.040720
2 0.648301 0.928612 0.076180 0.033721
0 0.724481 0.924795 0.076180 0.040084
2 0.791139 0.922886 0.076180 0.040084
0 0.911531 0.913024 0.167325 0.044538
2 0.240760 0.984493 0.183227 0.030606
1 0.410900 0.976331 0.197769 0.042848
2 0.566497 0.971570 0.142510 0.042848
2 0.661019 0.966809 0.095976 0.042848
2 0.770083 0.958648 0.162868 0.040128
2 0.914774 0.951847 0.161414 0.049650