1 0.059704 0.562130 0.091265 0.040608
1 0.128956 0.570854 0.051499 0.037172
1 0.200482 0.574647 0.091553 0.050827
1 0.265877 0.582613 0.040872 0.039448
1 0.305932 0.590199 0.045777 0.034896
1 0.061517 0.595130 0.094823 0.040206
1 0.131408 0.601957 0.051499 0.037172
1 0.200482 0.611440 0.091553 0.039448
1 0.264243 0.615612 0.042507 0.037172
1 0.311654 0.617888 0.050681 0.037172
1 0.062335 0.623198 0.091553 0.032620
1 0.204569 0.639129 0.088284 0.037172
1 0.267104 0.642922 0.043324 0.034137
1 0.310428 0.647095 0.048229 0.036413
1 0.357431 0.622060 0.052316 0.039448
1 0.358657 0.652405 0.048229 0.036413
1 0.422009 0.628888 0.076839 0.042482
1 0.499257 0.634198 0.082562 0.042482
1 0.422009 0.659232 0.076839 0.034896
1 0.501709 0.663405 0.077657 0.037172
2 0.061108 0.650888 0.094006 0.039448
2 0.133043 0.660370 0.048229 0.037172
2 0.205795 0.667198 0.085831 0.034137
2 0.267104 0.669853 0.043324 0.034896
2 0.311899 0.676200 0.049591 0.029586
2 0.359011 0.679816 0.044632 0.032873
2 0.422063 0.684418 0.081472 0.032873
2 0.063233 0.687705 0.092098 0.030243
2 0.134432 0.692636 0.054551 0.034845
2 0.203860 0.699211 0.084305 0.038790
2 0.266204 0.704142 0.044632 0.034188
2 0.312961 0.706114 0.054551 0.034188
2 0.360073 0.707758 0.049591 0.032216
2 0.423479 0.712032 0.077221 0.031558
2 0.061108 0.717291 0.092098 0.036818
2 0.131953 0.726167 0.049591 0.032216
2 0.204923 0.727482 0.086431 0.034845
2 0.265850 0.732084 0.039673 0.029586
2 0.311544 0.734385 0.047466 0.030243
2 0.359011 0.738659 0.051717 0.029586
2 0.423125 0.742604 0.076512 0.032216
2 0.061108 0.750493 0.092098 0.034845
2 0.130890 0.754767 0.047466 0.030243
0 0.206340 0.758383 0.083597 0.032216
0 0.266912 0.762985 0.041798 0.032216
2 0.311899 0.764300 0.052425 0.029586
0 0.360073 0.767587 0.049591 0.032216
0 0.423479 0.768902 0.077221 0.029586
2 0.061462 0.781394 0.091390 0.037475
0 0.131953 0.784681 0.049591 0.029586
0 0.205277 0.788297 0.081472 0.036818
0 0.265850 0.792571 0.039673 0.032216
2 0.312253 0.794214 0.048883 0.034188
2 0.361844 0.796187 0.048883 0.034188
2 0.423834 0.799803 0.075096 0.032216
2 0.060754 0.813609 0.087139 0.041420
0 0.210591 0.822814 0.073679 0.032216
0 0.266558 0.822814 0.042507 0.032216
2 0.312607 0.823800 0.049591 0.034188
2 0.359365 0.825444 0.049591 0.032216
2 0.422771 0.826759 0.077221 0.032216
2 0.060399 0.846154 0.086431 0.034188
0 0.208111 0.850427 0.074387 0.029586
0 0.266558 0.850756 0.042507 0.030243
0 0.312607 0.851742 0.049591 0.032216
2 0.359365 0.854043 0.049591 0.031558
2 0.423834 0.854043 0.079346 0.031558
0 0.060399 0.878041 0.086431 0.029586
0 0.209528 0.882314 0.071553 0.034188
0 0.123805 0.880342 0.040382 0.034188
0 0.265495 0.883629 0.044632 0.031558
0 0.310836 0.882314 0.051717 0.034188
2 0.359365 0.883629 0.049591 0.036818
2 0.421354 0.883629 0.078638 0.031558
2 0.058274 0.908941 0.086431 0.032216
2 0.124868 0.910256 0.046758 0.034845
2 0.211653 0.914530 0.061635 0.024984
2 0.266204 0.913872 0.041798 0.027613
0 0.311190 0.912558 0.046758 0.030243
2 0.359365 0.912558 0.053842 0.030243
2 0.422771 0.913544 0.077221 0.032216
2 0.059337 0.941157 0.088556 0.036160
2 0.124868 0.943458 0.046758 0.036818
2 0.212007 0.943787 0.066594 0.032216
0 0.309773 0.943458 0.049591 0.027613
2 0.359365 0.942472 0.043924 0.029586
2 0.421354 0.942472 0.080055 0.029586
1 0.059691 0.982577 0.079346 0.026956
1 0.125931 0.982577 0.044632 0.026956
1 0.309773 0.979947 0.049591 0.037475
1 0.359365 0.981262 0.049591 0.037475
1 0.423834 0.978632 0.079346 0.038790
2 0.561627 0.641354 0.044632 0.032216
0 0.605197 0.644970 0.036839 0.030243
2 0.559502 0.667982 0.044632 0.034188
2 0.604134 0.672584 0.044632 0.034188
1 0.647349 0.649244 0.041798 0.034845
1 0.688085 0.651874 0.039673 0.034845
1 0.727050 0.656476 0.036839 0.034845
1 0.676042 0.595332 0.029755 0.026956
1 0.676042 0.617357 0.024087 0.021039
1 0.703317 0.583826 0.029046 0.031558
1 0.703317 0.607824 0.029046 0.029586
1 0.728113 0.564103 0.029046 0.034188
1 0.729529 0.591716 0.031880 0.034188
1 0.729175 0.616042 0.032589 0.036818
1 0.761410 0.559500 0.041798 0.034188
1 0.796478 0.564103 0.032589 0.034188
1 0.841110 0.567719 0.056676 0.041420
1 0.761410 0.583826 0.041798 0.031558
1 0.796478 0.589415 0.032589 0.029586
1 0.840756 0.595332 0.061635 0.032216
1 0.777704 0.612426 0.064469 0.029586
1 0.842173 0.620644 0.057384 0.036818
1 0.780892 0.638067 0.069428 0.038790
1 0.841110 0.644642 0.059510 0.034845
1 0.781246 0.662064 0.068720 0.036818
1 0.842173 0.668639 0.057384 0.036818
1 0.646287 0.676200 0.046758 0.032216
1 0.689502 0.680473 0.039673 0.031558
1 0.725633 0.682774 0.042507 0.032216
1 0.778767 0.687377 0.069428 0.032216
2 0.499992 0.692308 0.081472 0.036818
2 0.499992 0.717066 0.081472 0.032700
2 0.498481 0.744835 0.081658 0.034257
0 0.498481 0.774681 0.082777 0.035814
0 0.498201 0.801412 0.082217 0.034257
0 0.501557 0.828921 0.079980 0.031143
2 0.502396 0.857988 0.078302 0.034257
2 0.503235 0.885238 0.079980 0.030624
2 0.502116 0.914045 0.082217 0.026991
2 0.500439 0.943112 0.077743 0.031143
1 0.501277 0.976072 0.076065 0.034776
2 0.563080 0.696045 0.043066 0.031143
2 0.604189 0.698640 0.039151 0.029067
2 0.561962 0.722516 0.045303 0.029067
2 0.604189 0.724073 0.039151 0.029067
2 0.561962 0.749507 0.045303 0.029067
2 0.605028 0.751583 0.040829 0.029067
2 0.563080 0.775719 0.043066 0.027510
2 0.604189 0.778574 0.039151 0.029067
2 0.562241 0.804267 0.044744 0.032700
2 0.606147 0.805045 0.043066 0.031143
2 0.562241 0.830738 0.044744 0.027510
2 0.606986 0.831517 0.044744 0.029067
2 0.563080 0.856950 0.043066 0.029067
2 0.606986 0.858767 0.044744 0.032700
2 0.565318 0.886017 0.043066 0.025952
2 0.608104 0.887055 0.042507 0.026991
2 0.565038 0.913526 0.046981 0.029067
2 0.608943 0.913267 0.040829 0.028548
2 0.564199 0.942334 0.048659 0.025433
2 0.607825 0.941555 0.043066 0.026991
2 0.563080 0.970622 0.050896 0.031143
2 0.610341 0.970362 0.046981 0.027510
2 0.646137 0.703312 0.044744 0.031143
2 0.689203 0.705907 0.041388 0.029067
2 0.729473 0.710578 0.039151 0.031143
2 0.645298 0.729524 0.043066 0.032700
2 0.688364 0.732378 0.043066 0.031143
2 0.730312 0.734974 0.037473 0.029067
2 0.647255 0.754957 0.042507 0.028548
2 0.687245 0.755995 0.040829 0.027510
2 0.728354 0.758850 0.036914 0.029067
0 0.646137 0.781688 0.041388 0.031143
0 0.688364 0.783505 0.043066 0.030624
0 0.728634 0.785321 0.040829 0.026991
0 0.648094 0.808938 0.040829 0.027510
0 0.688364 0.809717 0.043066 0.029067
0 0.729473 0.810755 0.042507 0.031143
0 0.648374 0.834371 0.041388 0.030624
0 0.688364 0.835929 0.043066 0.030624
0 0.728354 0.836707 0.036914 0.029067
0 0.648374 0.861622 0.041388 0.026991
0 0.692279 0.862400 0.043066 0.025433
0 0.731430 0.862400 0.038592 0.028548
0 0.649213 0.887833 0.043066 0.028548
0 0.691440 0.889391 0.041388 0.025433
2 0.732549 0.891467 0.032999 0.025433
2 0.648094 0.914305 0.040829 0.030624
2 0.651170 0.943372 0.039151 0.030624
0 0.690322 0.913526 0.039151 0.029067
0 0.730591 0.915084 0.041388 0.025952
2 0.692279 0.941296 0.043066 0.027510
0 0.731430 0.942334 0.035236 0.028548
1 0.652848 0.971400 0.039151 0.025433
1 0.692279 0.970622 0.043066 0.023876
1 0.734227 0.966988 0.040829 0.023876
1 0.886636 0.676581 0.031321 0.028548
1 0.883840 0.650109 0.029084 0.023357
1 0.884679 0.625714 0.027406 0.028548
1 0.884679 0.597426 0.027406 0.026991
1 0.885798 0.571992 0.032999 0.023876
1 0.924949 0.579518 0.048659 0.034776
1 0.924949 0.606509 0.053134 0.037891
1 0.926627 0.628568 0.053134 0.034257
1 0.927466 0.651926 0.054812 0.034257
1 0.926906 0.678397 0.052574 0.029067
1 0.928584 0.700457 0.052574 0.025433
1 0.777852 0.714990 0.064320 0.021281
1 0.763310 0.740424 0.027406 0.025433
1 0.764429 0.765078 0.032999 0.026991
1 0.766107 0.790252 0.032999 0.030624
1 0.768064 0.814907 0.033558 0.025952
1 0.767505 0.838783 0.031321 0.029067
1 0.767505 0.865774 0.031321 0.029067
1 0.768344 0.892245 0.032999 0.026991
1 0.766946 0.916122 0.031321 0.026991
1 0.766387 0.943372 0.033558 0.030624
1 0.770022 0.968546 0.037473 0.026991
2 0.840774 0.692412 0.052574 0.031143
2 0.885518 0.692671 0.033558 0.030624
2 0.839655 0.717066 0.059286 0.025433
2 0.885798 0.720959 0.032999 0.029067
2 0.928025 0.724333 0.054812 0.025433
2 0.797707 0.738607 0.033558 0.021800
2 0.799385 0.763781 0.033558 0.025433
0 0.800504 0.788695 0.031321 0.023357
0 0.798826 0.814129 0.031321 0.023357
0 0.799665 0.839302 0.032999 0.026991
0 0.799665 0.863438 0.032999 0.027510
0 0.802462 0.889650 0.030762 0.021800
0 0.801623 0.914305 0.029084 0.027510
0 0.802462 0.941296 0.031880 0.027510
2 0.842731 0.741202 0.056489 0.026991
2 0.886636 0.745095 0.031321 0.030624
2 0.928584 0.748728 0.052574 0.023357
2 0.843570 0.767674 0.054812 0.029067
2 0.885798 0.768452 0.032999 0.027510
2 0.929703 0.771047 0.054812 0.025433
0 0.842731 0.791550 0.056489 0.025952
0 0.844689 0.814388 0.057049 0.026991
0 0.844689 0.839821 0.060405 0.026991
0 0.844689 0.864217 0.057049 0.024914
0 0.845528 0.889650 0.058727 0.025952
0 0.844689 0.914045 0.060405 0.023876
0 0.845528 0.939738 0.055371 0.030624
0 0.886636 0.793367 0.031321 0.025433
0 0.886636 0.818800 0.031321 0.025433
0 0.889713 0.841379 0.029643 0.026991
0 0.890552 0.866033 0.031321 0.025433
0 0.889713 0.888872 0.032999 0.023357
0 0.888594 0.913267 0.030762 0.025433
0 0.890552 0.939738 0.031321 0.030624
0 0.929703 0.797000 0.054812 0.025433
0 0.929703 0.818800 0.054812 0.025433
0 0.930542 0.842417 0.056489 0.024914
0 0.930542 0.866033 0.056489 0.025433
0 0.932779 0.889650 0.056489 0.021800
0 0.932499 0.913267 0.060405 0.022319
0 0.933618 0.937922 0.058167 0.026991
1 0.803580 0.966729 0.029643 0.023357
1 0.847485 0.965172 0.054812 0.023357
1 0.890552 0.964912 0.031321 0.019724
1 0.933618 0.965172 0.054812 0.023357
2 0.961303 0.585228 0.021813 0.027510
2 0.963261 0.609623 0.021253 0.025433
2 0.965218 0.632202 0.021813 0.026991
2 0.967176 0.655040 0.021253 0.021800
2 0.966337 0.678657 0.022931 0.028548
2 0.966617 0.702533 0.023491 0.025433
2 0.967456 0.726150 0.025169 0.021800
2 0.967456 0.747950 0.025169 0.024914
2 0.968295 0.773643 0.023491 0.025433
2 0.970252 0.795702 0.022931 0.021800
2 0.969134 0.819838 0.021813 0.023357
2 0.969413 0.842676 0.017898 0.025433
2 0.970252 0.868110 0.022931 0.025433
2 0.971371 0.891726 0.017338 0.024914
2 0.972489 0.914565 0.019576 0.023876
2 0.971371 0.938181 0.017338 0.023357