1 0.040722 0.066694 0.029387 0.065082
1 0.068850 0.058131 0.040302 0.065082
1 0.036944 0.122356 0.026868 0.056518
1 0.065911 0.128350 0.042821 0.071932
1 0.028967 0.189150 0.037783 0.073645
1 0.054156 0.186581 0.027708 0.058231
1 0.030647 0.260226 0.027708 0.054806
1 0.054996 0.254232 0.029387 0.077070
1 0.030227 0.321882 0.031906 0.085634
1 0.054996 0.315031 0.037783 0.082208
1 0.024349 0.373262 0.033585 0.065082
1 0.051637 0.380969 0.026029 0.063369
1 0.019312 0.426355 0.035264 0.075358
1 0.045760 0.430637 0.034425 0.066794
1 0.017212 0.497431 0.032746 0.080496
1 0.044081 0.509420 0.031066 0.066794
1 0.110831 0.034203 0.031906 0.068406
1 0.104954 0.103516 0.038623 0.094197
1 0.090260 0.180587 0.057935 0.087346
1 0.086902 0.238818 0.056255 0.080496
1 0.091100 0.315888 0.059614 0.087346
1 0.083123 0.372406 0.055416 0.073645
1 0.086902 0.441769 0.044500 0.078783
0 0.081024 0.505138 0.047859 0.078783
1 0.016373 0.559944 0.024349 0.075358
1 0.043241 0.565938 0.031066 0.073645
0 0.077246 0.575358 0.052057 0.075358
1 0.143577 0.098378 0.038623 0.073645
1 0.140638 0.161747 0.041142 0.066794
1 0.139379 0.244812 0.036944 0.075358
1 0.129303 0.307324 0.045340 0.066794
1 0.126364 0.380969 0.041142 0.070220
1 0.123846 0.438344 0.041142 0.065082
0 0.124265 0.506851 0.040302 0.071932
0 0.115449 0.577070 0.036104 0.089059
1 0.196893 0.077826 0.062972 0.056518
1 0.188917 0.148046 0.072208 0.080496
1 0.188077 0.224260 0.065491 0.071932
1 0.186398 0.297905 0.065491 0.075358
1 0.179681 0.370693 0.062133 0.083921
1 0.173804 0.439200 0.068850 0.073645
0 0.172544 0.521408 0.059614 0.080496
0 0.170025 0.587346 0.057935 0.082208
1 0.266163 0.070119 0.057095 0.071932
1 0.254408 0.142052 0.067170 0.082208
1 0.253568 0.226829 0.072208 0.094197
1 0.236776 0.290198 0.067170 0.090772
1 0.238035 0.380113 0.064652 0.082208
1 0.238455 0.454614 0.072208 0.094197
1 0.233837 0.529972 0.064652 0.094197
1 0.228380 0.608755 0.062133 0.094197
1 0.311503 0.052136 0.036944 0.083921
1 0.310663 0.125781 0.043661 0.083921
1 0.304366 0.219978 0.044500 0.104473
1 0.290092 0.299617 0.052897 0.089059
1 0.283795 0.373262 0.053736 0.085634
1 0.287573 0.452902 0.041142 0.087346
0 0.276658 0.531684 0.044500 0.087346
0 0.271201 0.606186 0.036944 0.082208
0 0.355164 0.631876 0.052057 0.092484
0 0.362720 0.551380 0.048699 0.092484
0 0.406381 0.548811 0.060453 0.077070
0 0.400924 0.647290 0.046180 0.102760
0 0.476071 0.562513 0.099076 0.073645
0 0.467674 0.654997 0.090680 0.125025
0 0.545760 0.679831 0.073887 0.078783
0 0.555835 0.587346 0.072208 0.089059
0 0.557935 0.490580 0.073048 0.077070
0 0.620907 0.592484 0.076406 0.092484
0 0.610831 0.702095 0.071369 0.126738
0 0.708228 0.728642 0.128463 0.145577
0 0.716205 0.607042 0.132662 0.083921
0 0.838791 0.751763 0.142737 0.102760
0 0.846348 0.632732 0.137699 0.125025
0 0.945004 0.775740 0.059614 0.119887
0 0.943325 0.655853 0.078086 0.119887
1 0.311503 0.630163 0.045340 0.092484
1 0.313182 0.547098 0.052057 0.080496
1 0.325357 0.458040 0.049538 0.090772
1 0.321998 0.385251 0.074727 0.106186
1 0.332074 0.300474 0.047859 0.083921
1 0.337951 0.215696 0.044500 0.095910
1 0.345508 0.131776 0.046180 0.095910
1 0.366079 0.471741 0.053736 0.094197
1 0.372796 0.368124 0.058774 0.099335
1 0.376574 0.300474 0.061293 0.094197
1 0.381192 0.217409 0.060453 0.092484
1 0.391688 0.129207 0.051217 0.094197
1 0.412678 0.471741 0.051217 0.094197
1 0.481108 0.486299 0.095718 0.106186
1 0.417296 0.385251 0.058774 0.082208
1 0.427792 0.291910 0.052897 0.101048
1 0.429471 0.213984 0.061293 0.095910
1 0.437867 0.124068 0.052897 0.094197
1 0.489505 0.386964 0.099076 0.089059
1 0.497481 0.301330 0.101595 0.106186
1 0.501259 0.213984 0.107473 0.109611
1 0.510076 0.127494 0.104954 0.125025
1 0.565071 0.400665 0.070529 0.092484
1 0.624685 0.492293 0.077246 0.083921
1 0.727120 0.516270 0.134341 0.128450
1 0.855584 0.530828 0.146096 0.106186
1 0.953401 0.548811 0.081444 0.114749
1 0.633501 0.397240 0.078086 0.099335
1 0.735516 0.404947 0.149454 0.087346
1 0.861881 0.421217 0.141898 0.095910
1 0.958438 0.428924 0.073048 0.097622
1 0.575147 0.303043 0.075567 0.102760
1 0.586482 0.206277 0.066331 0.118174
1 0.591520 0.101804 0.074727 0.094197
1 0.659950 0.102660 0.087322 0.106186
1 0.646935 0.201139 0.074727 0.104473
1 0.640218 0.299617 0.078086 0.119887
1 0.744332 0.300474 0.150294 0.125025
1 0.747271 0.201139 0.154492 0.128450
1 0.759026 0.088102 0.141058 0.111324
1 0.871956 0.313319 0.145256 0.119887
1 0.876994 0.205420 0.151973 0.143864
1 0.882452 0.098378 0.130982 0.107898