2 0.146827 0.367347 0.174538 0.047619
2 0.325909 0.373299 0.179992 0.047619
2 0.477721 0.377126 0.123631 0.046769
2 0.576807 0.382228 0.085451 0.046769
2 0.696802 0.387755 0.154538 0.045918
2 0.852249 0.392432 0.145448 0.048469
2 0.155008 0.411990 0.179992 0.038265
2 0.332273 0.416241 0.178174 0.038265
2 0.478630 0.420068 0.121813 0.037415
2 0.582261 0.424320 0.085451 0.035714
2 0.696802 0.428997 0.154538 0.039966
2 0.852249 0.435799 0.145448 0.038265
2 0.155917 0.449830 0.178174 0.040816
2 0.334091 0.453231 0.163629 0.039116
2 0.483175 0.457483 0.123631 0.035714
2 0.583170 0.460034 0.087269 0.034014
2 0.703165 0.463435 0.152720 0.039116
2 0.856794 0.468112 0.136357 0.036565
2 0.156826 0.485119 0.176356 0.039966
2 0.327728 0.492347 0.176356 0.039116
2 0.478630 0.492772 0.125449 0.036565
2 0.582261 0.496599 0.099995 0.035714
2 0.703165 0.500850 0.127267 0.035714
2 0.852249 0.505102 0.159993 0.037415
2 0.155008 0.525085 0.172719 0.039966
2 0.332273 0.530187 0.174538 0.036565
2 0.477721 0.530612 0.123631 0.040816
2 0.580443 0.532738 0.092723 0.036565
2 0.706801 0.536565 0.141812 0.037415
2 0.852249 0.540391 0.156357 0.039966
2 0.153190 0.563350 0.169083 0.038265
2 0.330455 0.566327 0.174538 0.039116
2 0.483175 0.568452 0.134539 0.039966
2 0.588625 0.570153 0.094541 0.038265
2 0.711346 0.573129 0.143630 0.039116
2 0.856794 0.577381 0.158175 0.039116
2 0.153190 0.601786 0.169083 0.036565
2 0.329546 0.603231 0.172719 0.032313
1 0.486811 0.606207 0.138176 0.031463
1 0.597715 0.609609 0.087269 0.036565
1 0.705892 0.611735 0.139994 0.037415
1 0.855885 0.613010 0.149084 0.036565
1 0.156826 0.642347 0.169083 0.037415
1 0.334091 0.640221 0.181810 0.036565
1 0.487720 0.644473 0.143630 0.038265
1 0.596806 0.646173 0.085451 0.036565
1 0.713165 0.648724 0.143630 0.033163
1 0.863158 0.650425 0.152720 0.038265
1 0.160462 0.679337 0.176356 0.036565
1 0.335000 0.679337 0.176356 0.039966
1 0.489538 0.683588 0.139994 0.036565
1 0.600442 0.684014 0.081814 0.037415
1 0.714983 0.683588 0.150902 0.036565
1 0.866794 0.686990 0.145448 0.034864
1 0.156826 0.715901 0.169083 0.038265
1 0.332273 0.716752 0.181810 0.036565
1 0.493175 0.716752 0.143630 0.036565
1 0.600442 0.718027 0.078178 0.030612
1 0.718619 0.719728 0.158175 0.034014
1 0.867703 0.721429 0.143630 0.037415
1 0.159553 0.755442 0.167265 0.037415
1 0.330455 0.755442 0.178174 0.032313
1 0.494993 0.755442 0.147266 0.037415
1 0.606806 0.755017 0.076360 0.036565
1 0.722255 0.756293 0.158175 0.035714
1 0.865885 0.757143 0.129085 0.035714
1 0.157735 0.791156 0.163629 0.034014
1 0.332273 0.790306 0.181810 0.039116
1 0.498629 0.791582 0.139994 0.034864
1 0.607715 0.792007 0.070906 0.034014
1 0.724982 0.791582 0.156357 0.033163
1 0.866794 0.790306 0.130903 0.032313
1 0.330205 0.828214 0.176901 0.034524
1 0.160303 0.827619 0.162902 0.038095
1 0.491834 0.827024 0.143812 0.035714
1 0.605738 0.827321 0.081451 0.033929
1 0.724096 0.824940 0.152720 0.033929
0 0.869180 0.824643 0.132358 0.033333
0 0.861544 0.858869 0.145084 0.033929
0 0.711369 0.860952 0.165447 0.038095
0 0.493743 0.862440 0.150175 0.036310
0 0.332114 0.862738 0.175628 0.035714
0 0.159667 0.863929 0.166720 0.036905
0 0.163485 0.899345 0.169265 0.037500
0 0.337204 0.898155 0.185810 0.036310
0 0.493106 0.896667 0.146357 0.033333
0 0.708824 0.895476 0.165447 0.035714
0 0.862181 0.892798 0.138721 0.033929
1 0.594284 0.898155 0.066179 0.035119
1 0.597465 0.863631 0.062361 0.036310
1 0.848181 0.928512 0.151448 0.035119
1 0.699915 0.931488 0.142539 0.037500
1 0.590466 0.932679 0.071269 0.033929
1 0.490561 0.933869 0.128540 0.037500
1 0.339113 0.933869 0.169265 0.036310
1 0.168576 0.936845 0.164174 0.038690