0 0.096519 0.130102 0.110297 0.117347
0 0.218600 0.121173 0.145178 0.099490
0 0.382632 0.112883 0.182886 0.110969
0 0.521211 0.093112 0.133865 0.102041
0 0.663561 0.091837 0.207397 0.107143
0 0.813924 0.084184 0.078245 0.112245
0 0.890755 0.083546 0.092386 0.113520
0 0.100290 0.241071 0.114068 0.104592
0 0.223314 0.236607 0.150834 0.090561
0 0.380747 0.223214 0.190428 0.104592
0 0.530167 0.207908 0.131037 0.114796
0 0.681472 0.190689 0.196084 0.100765
0 0.818637 0.191964 0.097099 0.103316
0 0.903481 0.193878 0.082016 0.089286
0 0.096990 0.346939 0.116896 0.109694
0 0.225670 0.341837 0.148006 0.102041
0 0.388288 0.325893 0.197970 0.105867
0 0.542422 0.315689 0.148006 0.100765
0 0.689485 0.306122 0.191371 0.102041
0 0.827593 0.297832 0.099928 0.110969
0 0.907724 0.292730 0.086730 0.113520
0 0.105474 0.462372 0.116896 0.121173
0 0.226142 0.449617 0.152720 0.116071
0 0.394887 0.438138 0.175345 0.123724
0 0.541008 0.424107 0.133865 0.116071
0 0.696084 0.415816 0.193256 0.112245
0 0.832306 0.408801 0.096157 0.105867
0 0.910552 0.405612 0.092386 0.112245
0 0.102175 0.579719 0.119725 0.126276
0 0.236040 0.565051 0.155548 0.112245
0 0.397716 0.562500 0.186657 0.114796
0 0.548550 0.538265 0.130094 0.117347
0 0.699855 0.529974 0.193256 0.118622
0 0.834663 0.517857 0.104641 0.117347
0 0.924692 0.515944 0.082959 0.103316
2 0.103589 0.698980 0.128209 0.125000
2 0.241225 0.681122 0.154605 0.117347
2 0.405729 0.677934 0.195142 0.098214
2 0.548550 0.663265 0.126324 0.112245
2 0.705983 0.644770 0.201741 0.126276
2 0.837020 0.633291 0.109355 0.133929
2 0.929877 0.616709 0.097099 0.123724
2 0.102175 0.840561 0.142350 0.170918
2 0.248296 0.823980 0.170631 0.163265
2 0.411856 0.809949 0.196084 0.160714
2 0.564576 0.794643 0.139522 0.158163
2 0.705983 0.776148 0.192314 0.141582
2 0.849275 0.767219 0.118782 0.154337
2 0.932705 0.750638 0.100870 0.146684
