2 0.773075 0.467166 0.139868 0.026498
2 0.631808 0.465726 0.137071 0.025922
2 0.527606 0.466014 0.071333 0.025346
2 0.438090 0.463422 0.093712 0.024770
2 0.356966 0.460253 0.065738 0.023041
2 0.281437 0.460541 0.062941 0.023618
2 0.213601 0.459101 0.064339 0.024194
2 0.145066 0.459389 0.064339 0.025922
2 0.175837 0.487039 0.137071 0.025922
2 0.319202 0.487327 0.141267 0.025346
2 0.441587 0.489631 0.106300 0.025346
2 0.532501 0.491647 0.072732 0.024770
2 0.633906 0.491935 0.130078 0.025346
2 0.768879 0.495104 0.137071 0.028226
2 0.771676 0.522177 0.142666 0.029378
2 0.636004 0.519873 0.123084 0.027074
2 0.533200 0.516129 0.079725 0.025346
2 0.440887 0.516129 0.107699 0.026498
2 0.317803 0.513825 0.135672 0.027650
2 0.180033 0.512673 0.131476 0.025346
2 0.182830 0.538306 0.134274 0.024770
2 0.321999 0.540611 0.144064 0.025922
2 0.446482 0.542627 0.102104 0.025346
2 0.531102 0.542339 0.075529 0.025922
2 0.640200 0.545219 0.131476 0.025922
2 0.770977 0.548099 0.135672 0.024770
2 0.182830 0.564228 0.134274 0.022465
2 0.321999 0.566532 0.135672 0.023618
2 0.445083 0.567108 0.113293 0.023618
2 0.538795 0.569124 0.074130 0.023041
2 0.639500 0.570565 0.124483 0.024770
2 0.771676 0.572005 0.137071 0.024194
1 0.181991 0.589113 0.137071 0.025922
1 0.322559 0.591993 0.141267 0.027074
1 0.445643 0.592857 0.102104 0.024194
1 0.537956 0.594297 0.076928 0.024770
1 0.642158 0.596601 0.128679 0.027074
1 0.777830 0.596889 0.139868 0.026498
1 0.186187 0.615611 0.139868 0.023618
1 0.186886 0.641532 0.138470 0.027074
1 0.188984 0.667742 0.151058 0.024194
1 0.191782 0.693952 0.145463 0.025922
1 0.192039 0.716786 0.157332 0.027041
1 0.192658 0.743827 0.148660 0.028061
1 0.198233 0.768827 0.142466 0.027041
1 0.198852 0.793316 0.146182 0.029082
1 0.200711 0.820102 0.142466 0.023469
1 0.325214 0.618061 0.143705 0.027551
1 0.328311 0.644337 0.144944 0.025000
1 0.332027 0.670102 0.139988 0.028571
1 0.334505 0.696633 0.135033 0.025510
1 0.335744 0.721122 0.135033 0.027551
1 0.338841 0.746378 0.138749 0.023980
1 0.340699 0.772398 0.139988 0.027041
1 0.341318 0.798163 0.148660 0.022449
1 0.448478 0.619082 0.105301 0.027551
1 0.455291 0.646122 0.104062 0.024490
1 0.455911 0.672653 0.105301 0.029592
1 0.452813 0.698418 0.101584 0.023980
1 0.453433 0.722296 0.105301 0.027041
1 0.459008 0.748316 0.096629 0.026020
1 0.458388 0.774337 0.095390 0.025000
1 0.465821 0.799337 0.095390 0.023980
1 0.542010 0.622602 0.074330 0.026020
1 0.641736 0.623878 0.127600 0.027551
1 0.779246 0.623367 0.142466 0.028571
1 0.537054 0.649388 0.076808 0.024490
1 0.642355 0.648112 0.138749 0.023980
1 0.779866 0.651684 0.143705 0.027041
1 0.537054 0.674643 0.074330 0.027041
1 0.642355 0.674133 0.143705 0.029082
1 0.780485 0.675918 0.144944 0.026531
1 0.537054 0.699643 0.074330 0.026020
1 0.640497 0.699898 0.147421 0.025510
1 0.779866 0.701173 0.146182 0.027041
1 0.537674 0.724133 0.073091 0.025000
1 0.641116 0.724388 0.138749 0.025510
1 0.781724 0.726173 0.142466 0.028061
1 0.541390 0.749184 0.073091 0.024490
1 0.540771 0.774439 0.071852 0.027041
1 0.545107 0.797908 0.055748 0.021939
1 0.648549 0.751480 0.138749 0.029082
1 0.646072 0.778010 0.133794 0.022959
1 0.641116 0.802755 0.138749 0.024490
1 0.782343 0.754541 0.136272 0.029082
1 0.782343 0.781071 0.138749 0.025000
1 0.781105 0.806327 0.141227 0.026531
1 0.780485 0.832602 0.144944 0.022959
1 0.642067 0.827473 0.128966 0.025641
1 0.772701 0.857463 0.121183 0.024267