2 0.221543 0.119898 0.073490 0.094388
2 0.300200 0.128189 0.097604 0.100765
2 0.392636 0.143495 0.082676 0.098214
2 0.224413 0.190051 0.074638 0.102041
2 0.301348 0.200255 0.090714 0.091837
2 0.390914 0.211097 0.093010 0.080357
2 0.218672 0.260204 0.072341 0.084184
2 0.308812 0.267857 0.114828 0.086735
2 0.401248 0.281888 0.090714 0.091837
2 0.220969 0.329082 0.074638 0.091837
2 0.304219 0.335459 0.107938 0.091837
2 0.396655 0.341837 0.088417 0.086735
2 0.214653 0.403061 0.071193 0.086735
2 0.304793 0.407526 0.109086 0.090561
2 0.399526 0.411352 0.098752 0.085459
2 0.221543 0.475128 0.073490 0.077806
2 0.305941 0.477041 0.106790 0.091837
2 0.406990 0.488520 0.088417 0.066327
2 0.474164 0.220663 0.082676 0.091837
2 0.573490 0.240434 0.136645 0.090561
2 0.474738 0.288903 0.095307 0.095663
2 0.594159 0.303571 0.111383 0.089286
2 0.478757 0.350128 0.082676 0.088010
2 0.582102 0.367985 0.144683 0.082908
2 0.478757 0.415179 0.087269 0.085459
2 0.585547 0.426020 0.135497 0.076531
2 0.478757 0.480230 0.084973 0.067602
2 0.590140 0.493622 0.137793 0.063776
2 0.803719 0.278699 0.059710 0.072704
2 0.859411 0.287628 0.058562 0.072704
2 0.804868 0.335459 0.062007 0.068878
2 0.860559 0.343112 0.058562 0.076531
2 0.806590 0.393495 0.065452 0.070153
2 0.857688 0.395408 0.057414 0.058673
2 0.807164 0.441327 0.066600 0.071429
2 0.858837 0.450255 0.062007 0.056122
2 0.289291 0.622449 0.105642 0.076531
2 0.398952 0.624362 0.090714 0.065051
2 0.951273 0.522959 0.065452 0.043367
2 0.944957 0.565689 0.071193 0.034439
2 0.955292 0.595026 0.073490 0.044643
2 0.953570 0.630102 0.067748 0.038265
2 0.953570 0.487883 0.070045 0.049745
1 0.053320 0.092474 0.097604 0.093112
1 0.144608 0.094388 0.103345 0.096939
1 0.045320 0.160714 0.090639 0.091837
1 0.147479 0.174107 0.106790 0.093112
1 0.048190 0.241071 0.096380 0.112245
1 0.131403 0.253827 0.109086 0.091837
1 0.043023 0.309949 0.086046 0.096939
1 0.134848 0.328444 0.125162 0.088010
1 0.040152 0.396684 0.080304 0.086735
1 0.131977 0.408801 0.124014 0.082908
1 0.039004 0.477679 0.078008 0.082908
1 0.128532 0.478954 0.119421 0.090561
1 0.035559 0.552296 0.071118 0.084184
1 0.122217 0.558673 0.113679 0.073980
1 0.032689 0.629464 0.065377 0.090561
1 0.117624 0.630102 0.113679 0.086735
1 0.029244 0.705995 0.058487 0.085459
1 0.118198 0.705357 0.117124 0.066327
1 0.029244 0.794005 0.058487 0.093112
1 0.217524 0.547832 0.097604 0.095663
1 0.309386 0.550383 0.093010 0.085459
1 0.216376 0.699617 0.088417 0.072704
1 0.207763 0.772959 0.087269 0.089286
1 0.304219 0.690051 0.103345 0.076531
1 0.299051 0.771684 0.102197 0.089286
1 0.394933 0.686862 0.094159 0.072704
1 0.394358 0.764668 0.090714 0.082908
1 0.478757 0.556122 0.089566 0.079082
1 0.583250 0.551658 0.121717 0.072704
1 0.479905 0.617347 0.087269 0.071429
1 0.583824 0.615434 0.125162 0.077806
1 0.480479 0.686224 0.088417 0.068878
1 0.587269 0.676658 0.136645 0.077806
1 0.474738 0.753827 0.093010 0.073980
1 0.583250 0.746173 0.126310 0.071429
1 0.674538 0.197066 0.067748 0.077806
1 0.739990 0.210459 0.076935 0.056122
1 0.679131 0.258291 0.072341 0.072704
1 0.749176 0.273597 0.063155 0.067602
1 0.683724 0.319515 0.072341 0.080357
1 0.748602 0.327806 0.066600 0.063776
1 0.683150 0.378189 0.071193 0.059949
1 0.748602 0.386480 0.066600 0.063776
1 0.686595 0.434949 0.068897 0.068878
1 0.687169 0.493622 0.079231 0.066327
1 0.756640 0.443240 0.082676 0.077806
1 0.757788 0.492347 0.062007 0.073980
1 0.680854 0.551020 0.080379 0.068878
1 0.751473 0.555485 0.074638 0.065051
1 0.684299 0.618622 0.071193 0.063776
1 0.752621 0.616071 0.079231 0.061224
1 0.681428 0.672194 0.088417 0.061224
1 0.754918 0.670918 0.070045 0.058673
1 0.686595 0.733418 0.087269 0.063776
1 0.756640 0.732781 0.059710 0.065051
1 0.811183 0.500638 0.065452 0.057398
1 0.860559 0.496173 0.049376 0.061224
1 0.812906 0.550383 0.059710 0.059949
1 0.863430 0.554847 0.059710 0.063776
1 0.812906 0.605867 0.062007 0.063776
1 0.867449 0.612245 0.051672 0.048469
1 0.812906 0.665179 0.062007 0.059949
1 0.861133 0.665816 0.062007 0.058673
1 0.814628 0.725765 0.067748 0.073980
1 0.868597 0.725765 0.051672 0.063776
1 0.951273 0.663265 0.060859 0.035714
1 0.904194 0.517857 0.035597 0.040816
1 0.903083 0.555804 0.037893 0.049107
1 0.903657 0.591199 0.033300 0.040816
1 0.906528 0.625000 0.041338 0.043367
1 0.909685 0.698342 0.047654 0.045918
1 0.953894 0.693240 0.062581 0.038265
