1 0.018476 0.837126 0.026394 0.096105
1 0.045397 0.843642 0.030617 0.086331
1 0.084723 0.843642 0.065984 0.096105
1 0.131968 0.844456 0.046453 0.094476
1 0.166807 0.842827 0.033784 0.091218
1 0.208773 0.839570 0.064928 0.100991
1 0.266047 0.834683 0.060177 0.097733
1 0.308541 0.831425 0.034312 0.097733
1 0.337310 0.829796 0.031672 0.100991
1 0.368982 0.828982 0.034840 0.102620
1 0.399335 0.820837 0.031144 0.092847
1 0.443412 0.816765 0.055954 0.097733
1 0.489865 0.812693 0.033784 0.102620
1 0.523649 0.808621 0.033784 0.100991
1 0.567726 0.803734 0.054371 0.094476
1 0.620513 0.793961 0.053315 0.091218
1 0.659840 0.787445 0.024282 0.097733
1 0.688609 0.780115 0.038535 0.079816
1 0.718433 0.778486 0.033784 0.083073
1 0.744827 0.773599 0.027449 0.076558
1 0.778611 0.768713 0.053843 0.070042
1 0.826647 0.759754 0.055954 0.074929
1 0.864654 0.752424 0.035895 0.076558
1 0.892631 0.748352 0.034840 0.087960
1 0.924831 0.741022 0.049620 0.083073
1 0.955184 0.738578 0.027977 0.071671
1 0.976299 0.727176 0.027977 0.081445
1 0.025338 0.747537 0.033784 0.086331
1 0.050412 0.754053 0.032200 0.086331
1 0.090530 0.754053 0.063872 0.096105
1 0.139886 0.751609 0.044341 0.094476
1 0.171558 0.749166 0.035895 0.092847
1 0.215108 0.745094 0.062817 0.094476
1 0.271062 0.741836 0.058594 0.097733
1 0.313028 0.737764 0.033784 0.092847
1 0.341533 0.736949 0.029561 0.094476
1 0.371094 0.732877 0.035895 0.089589
1 0.400127 0.732877 0.031672 0.089589
1 0.444204 0.728805 0.055427 0.094476
1 0.488281 0.723104 0.032728 0.086331
1 0.522593 0.719032 0.030617 0.087960
1 0.567198 0.714959 0.053315 0.092847
1 0.619457 0.708444 0.048036 0.096105
1 0.657464 0.705186 0.023754 0.086331
1 0.685441 0.698671 0.030089 0.079816
1 0.726087 0.692155 0.053315 0.086331
1 0.774124 0.689712 0.053315 0.091218
1 0.821632 0.682382 0.051204 0.086331
2 0.858055 0.675052 0.034312 0.084702
1 0.884449 0.670165 0.031144 0.091218
1 0.916385 0.661206 0.049620 0.089589
1 0.948585 0.657948 0.027449 0.079816
1 0.969172 0.648989 0.033784 0.087960
1 0.031672 0.662835 0.036951 0.086331
1 0.058594 0.664464 0.036951 0.089589
1 0.099504 0.661206 0.067040 0.086331
1 0.145957 0.654690 0.048036 0.089589
1 0.178157 0.657134 0.036423 0.094476
1 0.219331 0.651433 0.063872 0.089589
1 0.274229 0.648989 0.060705 0.084702
1 0.315931 0.647360 0.034312 0.087960
1 0.342853 0.645732 0.031144 0.081445
1 0.372677 0.643288 0.033784 0.083073
1 0.402766 0.642474 0.029561 0.081445
1 0.443940 0.639216 0.054899 0.084702
1 0.489073 0.635958 0.033256 0.091218
1 0.522329 0.631886 0.031144 0.086331
1 0.564559 0.627814 0.052259 0.081445
1 0.618666 0.620484 0.055954 0.083073
1 0.657200 0.618855 0.026394 0.079816
1 0.682010 0.617226 0.032728 0.083073
1 0.710251 0.611525 0.033256 0.081445
1 0.734797 0.608267 0.031672 0.084702
1 0.766734 0.604195 0.055427 0.083073
1 0.814242 0.599308 0.055427 0.079816
1 0.849873 0.593607 0.035895 0.084702
1 0.876003 0.590349 0.038535 0.078187
1 0.909259 0.586277 0.052259 0.079816
1 0.940403 0.588720 0.030089 0.074929
1 0.960726 0.578133 0.030617 0.070042
1 0.039854 0.573246 0.036423 0.083073
1 0.066248 0.574875 0.033256 0.086331
1 0.106630 0.573246 0.062289 0.089589
1 0.153083 0.565916 0.046453 0.087960
1 0.184227 0.569174 0.033784 0.081445
1 0.225137 0.562658 0.058594 0.074929
1 0.278452 0.563473 0.059649 0.083073
1 0.318571 0.561029 0.032200 0.081445
1 0.344964 0.561029 0.029033 0.084702
1 0.375053 0.561029 0.031144 0.078187
1 0.404350 0.559400 0.027449 0.081445
1 0.444204 0.553699 0.052259 0.079816
2 0.487753 0.552885 0.032728 0.074929
1 0.519954 0.549627 0.031672 0.068413
1 0.562975 0.546369 0.053315 0.074929
1 0.615498 0.539039 0.052787 0.076558
1 0.653241 0.539854 0.030089 0.074929
1 0.678051 0.539039 0.034312 0.076558
2 0.703917 0.533338 0.036423 0.071671
2 0.729519 0.530895 0.029561 0.076558
2 0.761983 0.529266 0.055427 0.076558
2 0.806852 0.530080 0.057538 0.078187
2 0.843539 0.520307 0.038007 0.074929
2 0.869668 0.517864 0.038535 0.066785
2 0.900549 0.520307 0.049620 0.068413
2 0.932221 0.519493 0.031672 0.073300
2 0.954656 0.511348 0.035367 0.070042
1 0.046981 0.489358 0.036951 0.074929
1 0.073638 0.487729 0.036423 0.068413
1 0.113228 0.488544 0.064928 0.079816
1 0.159417 0.485286 0.043285 0.070042
1 0.188714 0.486915 0.034312 0.076558
1 0.229888 0.482843 0.060705 0.074929
1 0.281356 0.481214 0.058066 0.071671
1 0.321738 0.479585 0.033256 0.071671
1 0.346284 0.480399 0.028505 0.073300
1 0.375581 0.477956 0.034312 0.078187
1 0.405405 0.479585 0.027449 0.074929
1 0.444732 0.473884 0.053315 0.073300
2 0.486698 0.471440 0.034840 0.074929
1 0.519162 0.470626 0.027977 0.073300
1 0.559808 0.469811 0.055427 0.074929
1 0.612595 0.466554 0.053315 0.078187
1 0.648226 0.466554 0.029561 0.071671
1 0.672245 0.463296 0.033256 0.071671
2 0.699958 0.461667 0.034840 0.074929
2 0.724240 0.456780 0.029561 0.071671
2 0.758288 0.454337 0.052259 0.070042
2 0.800517 0.455966 0.056482 0.076558
2 0.835093 0.449450 0.038007 0.066785
2 0.863862 0.444564 0.032200 0.073300
2 0.894478 0.446192 0.050148 0.076558
2 0.934333 0.442935 0.051731 0.076558
1 0.054635 0.407914 0.037479 0.078187
1 0.081820 0.407914 0.034840 0.074929
1 0.120883 0.407099 0.061233 0.073300
1 0.165224 0.408728 0.041174 0.073300
1 0.193993 0.407099 0.033256 0.073300
1 0.234111 0.406285 0.057538 0.068413
1 0.284523 0.400584 0.054899 0.076558
1 0.323321 0.400584 0.033256 0.073300
1 0.350507 0.403027 0.027449 0.071671
1 0.377428 0.399769 0.029561 0.071671
1 0.405669 0.397326 0.030089 0.076558
1 0.445788 0.399769 0.050148 0.071671
2 0.487226 0.397326 0.033784 0.070042
1 0.517842 0.396511 0.029561 0.071671
1 0.559280 0.394882 0.054371 0.074929
1 0.610220 0.389181 0.050676 0.073300
1 0.644003 0.388367 0.028505 0.068413
1 0.670133 0.389181 0.033256 0.066785
2 0.697054 0.384295 0.033256 0.063527
2 0.721601 0.384295 0.027449 0.070042
2 0.752745 0.386738 0.052787 0.068413
2 0.797086 0.382666 0.054899 0.073300
2 0.830870 0.382666 0.034840 0.070042
2 0.855680 0.377779 0.031672 0.060269
2 0.887616 0.376965 0.052259 0.068413
2 0.926943 0.371264 0.053843 0.070042
2 0.060969 0.332985 0.039590 0.071671
2 0.088946 0.332170 0.034312 0.070042
2 0.127481 0.330541 0.062817 0.066785
2 0.171030 0.330541 0.042230 0.070042
2 0.200327 0.329727 0.036423 0.074929
2 0.238598 0.331356 0.058066 0.074929
2 0.288746 0.328098 0.055954 0.074929
2 0.325697 0.328912 0.033784 0.070042
2 0.351299 0.327283 0.027977 0.073300
2 0.378748 0.325655 0.034312 0.079816
2 0.406461 0.324840 0.027449 0.071671
2 0.445260 0.326469 0.050148 0.074929
2 0.485906 0.324840 0.033256 0.071671
2 0.517050 0.323211 0.030089 0.071671
2 0.556905 0.322397 0.054899 0.066785
2 0.605997 0.319953 0.052787 0.071671
2 0.641892 0.318325 0.027449 0.065156
2 0.667494 0.315067 0.034312 0.071671
2 0.744563 0.316696 0.048036 0.074929
2 0.789696 0.309366 0.050676 0.070042
2 0.824535 0.304479 0.030617 0.070042
2 0.848818 0.306922 0.032728 0.058640
2 0.879698 0.307737 0.050148 0.060269
2 0.924831 0.305293 0.043285 0.068413
2 0.070471 0.256427 0.036423 0.074929
2 0.096864 0.254798 0.034312 0.071671
2 0.132760 0.258870 0.060705 0.070042
2 0.176837 0.256427 0.043285 0.065156
2 0.205342 0.255612 0.032728 0.060269
2 0.243349 0.253169 0.055954 0.065156
2 0.291385 0.252355 0.054899 0.063527
2 0.329656 0.254798 0.034312 0.068413
2 0.353938 0.254798 0.030089 0.065156
2 0.380332 0.256427 0.033256 0.068413
2 0.406989 0.253169 0.029561 0.068413
2 0.445260 0.251540 0.050148 0.071671
2 0.484850 0.250726 0.031144 0.070042
2 0.516258 0.251540 0.029561 0.065156
2 0.556113 0.251540 0.050148 0.068413
2 0.603885 0.250726 0.046453 0.066785
2 0.638725 0.248282 0.027449 0.061898
2 0.662743 0.246653 0.031144 0.065156
2 0.077333 0.179054 0.037479 0.076558
2 0.104255 0.180683 0.035367 0.076558
2 0.141206 0.182312 0.057538 0.073300
2 0.181060 0.180683 0.042230 0.073300
2 0.209037 0.179869 0.033784 0.074929
2 0.245196 0.179054 0.056482 0.076558
2 0.294024 0.175797 0.054899 0.076558
2 0.331239 0.176611 0.032200 0.078187
2 0.368982 0.179054 0.058066 0.073300
2 0.408309 0.178240 0.032200 0.074929
2 0.446579 0.179054 0.049620 0.063527
2 0.485378 0.180683 0.029033 0.063527
2 0.515203 0.183127 0.029561 0.065156
2 0.555585 0.181498 0.049092 0.065156
2 0.603357 0.181498 0.049620 0.065156
2 0.637669 0.183127 0.025338 0.061898
2 0.660895 0.181498 0.030617 0.058640
2 0.082612 0.115528 0.036423 0.060269
2 0.110325 0.116342 0.033784 0.058640
2 0.143845 0.116342 0.057538 0.055382
2 0.186603 0.116342 0.041702 0.055382
2 0.213524 0.112270 0.035367 0.060269
2 0.249683 0.112270 0.058066 0.053753
2 0.297984 0.110641 0.051204 0.057011
2 0.333615 0.109827 0.032728 0.052124
2 0.359217 0.109827 0.025866 0.058640
2 0.383763 0.112270 0.032728 0.060269
2 0.409101 0.109827 0.029561 0.058640
2 0.447107 0.114713 0.048564 0.058640
2 0.484586 0.113084 0.033784 0.065156
2 0.514939 0.117157 0.030089 0.066785
2 0.554265 0.119600 0.049620 0.065156
2 0.602038 0.116342 0.044869 0.058640
2 0.633974 0.122043 0.026394 0.057011
2 0.657464 0.121229 0.033256 0.068413
2 0.484586 0.048743 0.032728 0.066785
2 0.513883 0.052001 0.035367 0.066785
2 0.552418 0.051187 0.054371 0.061898
2 0.598079 0.052815 0.047508 0.065156
2 0.630015 0.058517 0.024810 0.063527
2 0.654825 0.052001 0.032200 0.066785