2 0.021412 0.147277 0.042824 0.091584
2 0.102499 0.137376 0.127443 0.101485
2 0.253206 0.121287 0.178016 0.106436
2 0.081765 0.246906 0.114294 0.105198
2 0.236517 0.245050 0.199256 0.121287
2 0.448416 0.232054 0.226565 0.134901
2 0.641098 0.216584 0.156775 0.138614
2 0.812033 0.210396 0.172958 0.150990
2 0.946050 0.202970 0.089008 0.163366
2 0.064064 0.360149 0.119351 0.113861
2 0.224379 0.371906 0.185096 0.125000
2 0.444370 0.368193 0.236680 0.127475
2 0.646155 0.365099 0.156775 0.150990
2 0.816584 0.364480 0.175993 0.152228
2 0.949762 0.365718 0.100476 0.152228
2 0.055296 0.490099 0.110591 0.131188
2 0.209208 0.495668 0.201279 0.137376
2 0.431221 0.509282 0.244771 0.147277
2 0.638569 0.519802 0.167901 0.160891
2 0.823159 0.529703 0.185096 0.168317
2 0.956842 0.527847 0.086316 0.174505
2 0.040629 0.646658 0.081258 0.184406
2 0.191001 0.670792 0.207348 0.212871
2 0.422118 0.702970 0.244771 0.235149
2 0.638569 0.724010 0.175993 0.247525
2 0.831756 0.750000 0.200267 0.272277