1 0.425366 0.164632 0.017689 0.074413
1 0.444607 0.165497 0.019551 0.072682
1 0.425211 0.243371 0.017378 0.076143
1 0.444296 0.243371 0.018309 0.076143
1 0.425521 0.323841 0.017999 0.077874
1 0.443986 0.324706 0.017068 0.076143
1 0.426452 0.401715 0.017378 0.074413
1 0.444296 0.403446 0.015827 0.070952
1 0.425987 0.480454 0.017689 0.079605
1 0.443986 0.480454 0.017068 0.076143
2 0.469588 0.164632 0.029171 0.077874
2 0.469588 0.247698 0.031653 0.077874
2 0.468812 0.327302 0.030722 0.077874
2 0.468502 0.403446 0.030722 0.070952
2 0.468657 0.476128 0.031033 0.067491
2 0.498914 0.162036 0.029481 0.076143
2 0.499690 0.243371 0.027929 0.076143
2 0.498759 0.323841 0.027929 0.081335
2 0.499379 0.403446 0.028550 0.067491
2 0.498914 0.476993 0.028240 0.069221
2 0.521164 0.159441 0.014896 0.070952
2 0.520854 0.236449 0.013034 0.076143
2 0.520699 0.319515 0.013344 0.072682
2 0.521320 0.403446 0.014585 0.077874
2 0.521320 0.479589 0.014585 0.070952
2 0.536588 0.157710 0.015206 0.074413
2 0.536122 0.239910 0.017378 0.079605
2 0.536432 0.322111 0.016137 0.074413
2 0.537053 0.401715 0.016137 0.074413
2 0.536898 0.476128 0.015206 0.064030
2 0.553656 0.157710 0.017068 0.070952
2 0.552880 0.238180 0.016137 0.076143
2 0.552570 0.316919 0.016137 0.074413
2 0.553501 0.399119 0.015516 0.079605
2 0.553345 0.476128 0.015827 0.070952
2 0.573486 0.159094 0.021102 0.084796
2 0.572710 0.235238 0.021413 0.064030
2 0.572399 0.317438 0.022033 0.079605
2 0.572865 0.393582 0.021723 0.065760
2 0.573330 0.472321 0.023275 0.074413
2 0.595984 0.156499 0.022033 0.069221
2 0.595364 0.232642 0.023275 0.076143
2 0.594433 0.313977 0.021413 0.072682
2 0.595053 0.392716 0.021413 0.070952
2 0.655536 0.159960 0.029171 0.076143
2 0.655226 0.236103 0.029171 0.079605
2 0.655033 0.312645 0.030797 0.076941
2 0.655847 0.391851 0.031033 0.069221
2 0.684552 0.159960 0.028240 0.076143
2 0.684707 0.236103 0.029171 0.076143
2 0.684707 0.313977 0.027929 0.076143
2 0.685017 0.391851 0.027309 0.083066
1 0.596264 0.469725 0.021723 0.072682
1 0.615256 0.157364 0.014896 0.074413
1 0.631703 0.155633 0.016758 0.074413
1 0.615294 0.233084 0.015421 0.077563
1 0.631622 0.231398 0.016630 0.074191
1 0.615143 0.310648 0.016328 0.074191
1 0.631017 0.308962 0.015421 0.077563
1 0.614538 0.386525 0.017537 0.070819
1 0.631168 0.389054 0.016328 0.079250
1 0.615294 0.464931 0.016026 0.079250
1 0.631924 0.469147 0.017235 0.077563
1 0.656416 0.467461 0.030539 0.074191
1 0.685595 0.468304 0.027213 0.079250
1 0.655509 0.547553 0.027516 0.075877
1 0.632831 0.548396 0.016026 0.074191
1 0.615596 0.547553 0.016630 0.079250
1 0.596849 0.550083 0.020259 0.080936
1 0.573869 0.549239 0.022678 0.072505
1 0.553308 0.550083 0.016026 0.070819
1 0.536526 0.550083 0.015723 0.070819
1 0.521408 0.552612 0.013909 0.069133
1 0.499335 0.558513 0.029028 0.080936
1 0.469702 0.552612 0.030237 0.079250
1 0.444303 0.561886 0.018142 0.074191
1 0.426312 0.562729 0.017840 0.085994
2 0.713685 0.157207 0.028725 0.077563
2 0.713232 0.238143 0.028423 0.077563
2 0.713232 0.314020 0.028423 0.074191
2 0.713383 0.389054 0.028725 0.075877
2 0.404602 0.163952 0.022678 0.084308
2 0.405056 0.245731 0.021771 0.075877
2 0.404753 0.324980 0.021771 0.075877
2 0.405660 0.402543 0.022375 0.079250
2 0.404753 0.481793 0.022980 0.079250
2 0.405660 0.561886 0.024190 0.074191
2 0.374063 0.163952 0.039006 0.080936
2 0.374063 0.249946 0.040215 0.084308
2 0.373609 0.328352 0.039308 0.072505
2 0.373911 0.405073 0.039913 0.077563
2 0.373307 0.482636 0.039308 0.074191
2 0.373911 0.561886 0.039913 0.084308
2 0.346093 0.168167 0.015723 0.082622
2 0.346245 0.247417 0.015421 0.082622
2 0.346698 0.329195 0.014514 0.074191
2 0.345942 0.410974 0.015421 0.079250
2 0.346698 0.487695 0.014514 0.074191
2 0.347000 0.565258 0.014514 0.080936
2 0.324474 0.173226 0.026306 0.079250
2 0.324625 0.253318 0.027213 0.077563
2 0.325079 0.328352 0.026911 0.079250
2 0.325079 0.412660 0.025701 0.075877
2 0.324927 0.486008 0.027213 0.074191
2 0.325381 0.562729 0.027516 0.085994
2 0.303308 0.174912 0.016026 0.082622
2 0.303913 0.255847 0.014211 0.072505
2 0.303761 0.332568 0.015119 0.077563
2 0.303761 0.410974 0.015723 0.079250
2 0.303308 0.487695 0.014816 0.070819
2 0.304064 0.565258 0.015119 0.080936
2 0.288038 0.179127 0.014514 0.091053
2 0.288341 0.258377 0.015723 0.070819
2 0.288189 0.332568 0.014816 0.074191
2 0.288189 0.411817 0.014816 0.077563
2 0.288189 0.491067 0.015421 0.077563
2 0.288189 0.565258 0.016026 0.080936
2 0.266872 0.175755 0.027818 0.080936
2 0.266419 0.261749 0.027516 0.074191
2 0.266419 0.335097 0.027516 0.075877
2 0.267175 0.413504 0.026609 0.074191
2 0.266872 0.488538 0.026609 0.065760
2 0.267175 0.566101 0.027213 0.079250
1 0.247369 0.183343 0.010583 0.075877
1 0.247067 0.257534 0.011792 0.072505
1 0.246765 0.330039 0.011188 0.075877
1 0.247218 0.410974 0.012700 0.082622
1 0.247521 0.491910 0.012095 0.079250
1 0.247974 0.567787 0.009978 0.079250
2 0.122823 0.197506 0.025399 0.092739
2 0.123881 0.293617 0.025701 0.089367
2 0.124032 0.393944 0.025399 0.094425
2 0.124788 0.490898 0.025097 0.089367
2 0.125242 0.586166 0.025399 0.094425
2 0.147617 0.191605 0.024190 0.091053
2 0.172563 0.189076 0.025097 0.085994
2 0.148222 0.289402 0.023585 0.101170
2 0.173016 0.286030 0.026609 0.104542
2 0.148676 0.392258 0.023887 0.097797
2 0.173924 0.392258 0.026004 0.101170
2 0.149583 0.492584 0.022678 0.092739
2 0.174528 0.494271 0.026609 0.096111
2 0.149885 0.589539 0.024492 0.094425
2 0.175738 0.588696 0.026004 0.096111