2 0.344064 0.115655 0.062054 0.054167
2 0.347582 0.168036 0.065253 0.050595
2 0.352061 0.220417 0.066532 0.048214
2 0.353340 0.268333 0.063973 0.045238
2 0.357498 0.318333 0.065892 0.051190
1 0.404263 0.113274 0.058855 0.050595
1 0.486788 0.108929 0.113872 0.054762
1 0.603539 0.099639 0.122189 0.060247
1 0.734130 0.090949 0.137974 0.063276
1 0.845491 0.078763 0.084993 0.059311
1 0.920202 0.077168 0.067172 0.053571
1 0.408600 0.163903 0.057576 0.049745
1 0.491194 0.160395 0.110354 0.050383
1 0.604975 0.154974 0.122691 0.053571
1 0.736097 0.142857 0.145310 0.059949
1 0.847821 0.134566 0.089105 0.056122
1 0.925960 0.130102 0.068543 0.056122
1 0.409671 0.214804 0.058195 0.052419
1 0.493249 0.209620 0.108961 0.048963
1 0.413076 0.265783 0.060052 0.049539
1 0.498201 0.261175 0.108961 0.050691
1 0.606543 0.207316 0.117628 0.050115
1 0.735934 0.192051 0.146106 0.055300
1 0.851209 0.186002 0.087911 0.053571
1 0.931072 0.181106 0.074291 0.051843
1 0.609762 0.254205 0.120104 0.054724
1 0.740515 0.242108 0.143630 0.054724
1 0.854119 0.235196 0.089769 0.054724
1 0.932063 0.230588 0.074291 0.053571
1 0.415614 0.315668 0.058195 0.050691
1 0.499501 0.309044 0.113294 0.050115
1 0.613848 0.303571 0.125057 0.050691
1 0.744167 0.290323 0.149202 0.050691
1 0.234382 0.374519 0.059052 0.050137
1 0.139899 0.380014 0.125486 0.059753
1 0.040987 0.380701 0.067910 0.058379
1 0.235490 0.426030 0.061267 0.050137
1 0.141744 0.431525 0.127700 0.046016
1 0.042832 0.433929 0.064219 0.045330
1 0.043939 0.484135 0.062005 0.052885
1 0.141744 0.481731 0.130653 0.050824
1 0.238442 0.477953 0.058314 0.051511
1 0.297125 0.373901 0.063481 0.052198
1 0.299340 0.425069 0.064957 0.050137
1 0.300963 0.476580 0.063776 0.050137
1 0.361639 0.368750 0.062005 0.052885
1 0.364223 0.423008 0.061267 0.052885
1 0.366437 0.473832 0.061267 0.050137
1 0.420322 0.365659 0.056838 0.050824
1 0.503733 0.360852 0.109984 0.053571
1 0.617778 0.355701 0.116628 0.054258
1 0.748578 0.343681 0.143201 0.057692
1 0.860629 0.288393 0.085625 0.050137
1 0.936290 0.283242 0.067172 0.046703
1 0.863582 0.338874 0.085625 0.053571
1 0.939981 0.333723 0.065695 0.050137
1 0.422611 0.416690 0.056099 0.050137
1 0.507867 0.411882 0.111461 0.048764
1 0.622280 0.408448 0.115890 0.051511
1 0.749316 0.396429 0.141725 0.052198
1 0.865575 0.391621 0.084887 0.053571
1 0.940793 0.387157 0.066434 0.051511
1 0.424751 0.466621 0.053885 0.050824
1 0.509270 0.460096 0.115152 0.050137
1 0.624200 0.453915 0.115890 0.052885
1 0.753228 0.447047 0.142463 0.048764
1 0.868454 0.440522 0.091531 0.050824
1 0.943376 0.437775 0.062743 0.050824
2 0.045763 0.536728 0.062763 0.052606
2 0.143797 0.534073 0.130194 0.051158
2 0.241054 0.529971 0.059132 0.050676
1 0.301119 0.527075 0.063281 0.050676
1 0.366735 0.524180 0.067950 0.049710
1 0.428305 0.516216 0.057057 0.050193
1 0.512023 0.510666 0.111002 0.050676
1 0.628367 0.506322 0.120857 0.051641
1 0.755501 0.497635 0.133825 0.051641
1 0.870497 0.492085 0.090773 0.052124
1 0.945449 0.488707 0.058094 0.052124
0 0.305633 0.573740 0.065478 0.042017
0 0.246364 0.577416 0.050802 0.047269
0 0.150404 0.584769 0.134343 0.055672
0 0.056138 0.588445 0.047415 0.048319
0 0.058580 0.636310 0.051178 0.048160
0 0.153958 0.634416 0.136088 0.045455
0 0.249627 0.626569 0.055249 0.050325
1 0.310983 0.621429 0.062810 0.049784
1 0.372629 0.570833 0.065136 0.047078
1 0.431659 0.567045 0.057576 0.048160
1 0.516511 0.561634 0.109336 0.051407
1 0.629336 0.556494 0.115152 0.050866
1 0.756700 0.548106 0.138414 0.050325
1 0.870689 0.540530 0.096541 0.052489
1 0.947747 0.538907 0.058739 0.050325
0 0.060034 0.685877 0.055249 0.050325
0 0.156284 0.682630 0.134925 0.050325
0 0.252534 0.677489 0.057576 0.050866
0 0.313018 0.673972 0.065718 0.050325
0 0.060906 0.736959 0.055831 0.051407
0 0.157156 0.731818 0.136670 0.045455
0 0.253698 0.727760 0.052923 0.048160
0 0.314763 0.724784 0.065718 0.048701
0 0.060906 0.788095 0.053505 0.049784
0 0.158029 0.781061 0.138414 0.048701
0 0.256315 0.776461 0.055831 0.048160
0 0.316798 0.775649 0.065136 0.048701
0 0.060615 0.838149 0.052923 0.049242
0 0.160355 0.832468 0.143067 0.049784
0 0.256605 0.827868 0.056413 0.051407
0 0.318543 0.824351 0.066299 0.046537
0 0.380946 0.772944 0.063391 0.048701
0 0.381818 0.823268 0.061647 0.048701
0 0.442011 0.769426 0.055249 0.047078
0 0.442011 0.820833 0.058739 0.053571
0 0.526572 0.764827 0.108754 0.046537
0 0.528026 0.815693 0.111662 0.048701
0 0.642014 0.760498 0.119804 0.050866
0 0.643468 0.813258 0.116896 0.051407
0 0.770949 0.754816 0.136670 0.052489
0 0.887787 0.797294 0.088399 0.048701
0 0.961065 0.796212 0.056994 0.050866
1 0.375323 0.620337 0.066639 0.049603
1 0.435031 0.617113 0.053844 0.051091
1 0.518729 0.613145 0.114618 0.050099
1 0.379054 0.670685 0.066639 0.050099
1 0.437163 0.668452 0.052778 0.049603
1 0.520328 0.662252 0.112486 0.047123
1 0.634360 0.607440 0.118350 0.050595
1 0.762306 0.599008 0.137542 0.051587
1 0.875752 0.592064 0.091695 0.051587
1 0.950920 0.590823 0.057576 0.052083
1 0.635213 0.659077 0.117284 0.050099
1 0.764492 0.651637 0.140208 0.052083
1 0.879430 0.643700 0.089029 0.049107
1 0.954066 0.640228 0.058109 0.048115
1 0.379428 0.721528 0.060774 0.047619
1 0.439935 0.718304 0.053844 0.048115
1 0.522301 0.712351 0.109820 0.049107
1 0.637879 0.708135 0.119416 0.045635
1 0.769024 0.702183 0.141807 0.046627
1 0.884282 0.695734 0.086364 0.051587
1 0.958117 0.691270 0.058109 0.052579
1 0.957584 0.742609 0.055976 0.047123
1 0.884282 0.746825 0.086364 0.047619
1 0.772084 0.807237 0.139394 0.048872