2 0.089143 0.804455 0.023350 0.022277
2 0.113049 0.806312 0.022239 0.023515
2 0.135288 0.807550 0.015567 0.025990
2 0.091367 0.831064 0.025574 0.023515
2 0.089699 0.852104 0.024462 0.023515
2 0.091367 0.875619 0.025574 0.023515
2 0.113049 0.873144 0.020015 0.023515
2 0.113605 0.830446 0.018903 0.019802
2 0.113049 0.850866 0.020015 0.023515
2 0.133542 0.830664 0.022893 0.023296
2 0.168862 0.874345 0.092225 0.024752
2 0.169843 0.849956 0.090262 0.021112
2 0.179327 0.827024 0.066062 0.020384
2 0.179327 0.804455 0.067370 0.023296
2 0.227075 0.806639 0.028125 0.021840
2 0.229364 0.832120 0.035320 0.024752
2 0.229037 0.853232 0.029433 0.020384
2 0.230672 0.877257 0.031396 0.023296
2 0.258471 0.807732 0.028125 0.021112
2 0.258798 0.829936 0.031396 0.026209
2 0.258798 0.857236 0.027471 0.021112
2 0.259452 0.878349 0.028779 0.018200
2 0.297061 0.808096 0.046439 0.020384
2 0.296734 0.832120 0.045785 0.024752
2 0.297715 0.856872 0.047747 0.020384
2 0.299350 0.878349 0.044477 0.019656
2 0.332381 0.806639 0.025509 0.020384
2 0.332381 0.832848 0.024201 0.023296
2 0.333362 0.856144 0.022239 0.016016
2 0.334016 0.876893 0.026163 0.021112
2 0.356909 0.808096 0.026163 0.021840
2 0.360179 0.831392 0.024855 0.021840
2 0.358871 0.855052 0.027471 0.022568
2 0.360179 0.878713 0.020930 0.020384
2 0.384053 0.807732 0.029433 0.022568
2 0.385361 0.830300 0.028125 0.021112
2 0.385688 0.855052 0.028779 0.025480
2 0.385361 0.878349 0.026817 0.018200
2 0.410216 0.808460 0.017660 0.019656
2 0.412178 0.831028 0.022893 0.018200
2 0.410216 0.853960 0.025509 0.023296
2 0.411851 0.877621 0.023547 0.022568
2 0.446517 0.878349 0.047093 0.025480
2 0.445536 0.852504 0.046439 0.024752
2 0.445536 0.828116 0.049056 0.018200
2 0.443574 0.807368 0.049056 0.020384
2 0.495900 0.808096 0.051672 0.024752
2 0.494592 0.833576 0.047747 0.024752
2 0.494592 0.856144 0.052980 0.021840
2 0.494592 0.878349 0.051672 0.018200
2 0.535798 0.806639 0.030742 0.024752
2 0.536452 0.831392 0.033358 0.018928
2 0.534817 0.855052 0.031396 0.024024
2 0.535144 0.877985 0.030742 0.020384
2 0.566540 0.805183 0.030742 0.021840
2 0.566540 0.830300 0.029433 0.024024
2 0.565232 0.853232 0.032050 0.024752
2 0.567194 0.877621 0.033358 0.019656
2 0.605784 0.805911 0.047747 0.023296
2 0.606111 0.831028 0.051018 0.019656
2 0.604476 0.852504 0.049056 0.020384
2 0.607093 0.877985 0.046439 0.023296
2 0.642413 0.804091 0.024201 0.021112
2 0.643721 0.829936 0.028125 0.023296
2 0.642740 0.851776 0.024855 0.020384
2 0.645356 0.876529 0.026163 0.023296
2 0.670211 0.804819 0.026163 0.025480
2 0.670211 0.828844 0.027471 0.022568
2 0.671192 0.853960 0.030742 0.023296
2 0.672500 0.878713 0.024201 0.017472
2 0.696047 0.826660 0.024201 0.022568
2 0.696374 0.801543 0.024855 0.027665
2 0.697028 0.852504 0.023547 0.024752
2 0.698009 0.874709 0.024201 0.024024
2 0.722864 0.874709 0.022893 0.024024
2 0.721556 0.847772 0.022893 0.022568
2 0.721556 0.825932 0.024201 0.022568
2 0.721556 0.798995 0.022893 0.028393
2 0.757857 0.872889 0.045785 0.024752
2 0.756549 0.849228 0.045785 0.022568
2 0.756549 0.825568 0.044477 0.023296
2 0.755895 0.800087 0.048402 0.023296
2 0.803315 0.871797 0.047747 0.024024
2 0.804296 0.800451 0.049710 0.024024
2 0.802988 0.825568 0.053634 0.021840
2 0.804623 0.848136 0.050364 0.021840
2 0.838962 0.871433 0.020930 0.023296
2 0.838308 0.845588 0.020930 0.022568
2 0.839943 0.822292 0.021584 0.019656
2 0.840270 0.798631 0.020930 0.023296
2 0.866106 0.799359 0.033358 0.024752
2 0.867087 0.825932 0.028779 0.024024
2 0.864798 0.849592 0.034666 0.024752
2 0.864471 0.872161 0.034012 0.021840
2 0.906005 0.869249 0.046439 0.021840
2 0.905351 0.843768 0.046439 0.020384
2 0.905024 0.820472 0.049710 0.027665
2 0.906332 0.797903 0.049710 0.020384
2 0.940508 0.867663 0.019856 0.023868
2 0.938919 0.842026 0.023033 0.023868
2 0.941699 0.818158 0.020650 0.022100
2 0.940905 0.796499 0.019062 0.019448
2 0.965129 0.799151 0.021444 0.021216
2 0.965526 0.823020 0.022239 0.021216
2 0.963541 0.843352 0.024621 0.021216
2 0.963938 0.867221 0.022239 0.017680
2 0.697075 0.776609 0.025415 0.013260
2 0.721696 0.777493 0.022239 0.020332
2 0.757040 0.778377 0.046860 0.020332
2 0.805885 0.777051 0.046066 0.021216
2 0.841228 0.774158 0.018267 0.018163
2 0.866247 0.775283 0.028592 0.021216
2 0.903576 0.775283 0.044477 0.022984
2 0.939713 0.772631 0.021444 0.024752
2 0.963938 0.773515 0.022239 0.024752
1 0.092663 0.898603 0.027004 0.020332
1 0.093457 0.922030 0.025415 0.022984
1 0.094649 0.941920 0.026210 0.023868
1 0.113313 0.899045 0.019062 0.022984
1 0.115696 0.920262 0.019062 0.021216
1 0.114901 0.942804 0.020650 0.023868
1 0.138729 0.899045 0.028592 0.019448
1 0.138331 0.921146 0.029387 0.022984
1 0.139523 0.945014 0.028592 0.021216
1 0.174072 0.898603 0.046860 0.018564
1 0.174469 0.922030 0.041300 0.022984
1 0.175263 0.945456 0.042889 0.022100
1 0.206636 0.900813 0.023033 0.017680
1 0.206238 0.924240 0.019062 0.018564
1 0.208621 0.948992 0.017473 0.018564
1 0.231654 0.903023 0.027004 0.018564
1 0.230065 0.925566 0.028592 0.017680
1 0.232051 0.947224 0.029387 0.022100
1 0.258658 0.900371 0.028592 0.022100
1 0.259849 0.924240 0.027798 0.022100
1 0.259849 0.946782 0.029387 0.022984
1 0.297178 0.900813 0.046860 0.022984
1 0.297575 0.923798 0.044477 0.021216
1 0.297972 0.947224 0.043683 0.025636
1 0.333713 0.903023 0.024621 0.022100
1 0.331727 0.924682 0.027004 0.022984
1 0.334507 0.949434 0.027798 0.022984
1 0.359526 0.906117 0.025415 0.024752
1 0.361114 0.923356 0.028592 0.022100
1 0.360717 0.947666 0.024621 0.022984
1 0.384544 0.903023 0.029387 0.023868
1 0.384544 0.924682 0.032564 0.024752
1 0.386927 0.948992 0.030975 0.023868
1 0.409562 0.901697 0.023827 0.026521
1 0.411151 0.926450 0.023827 0.022984
1 0.412739 0.951644 0.022239 0.023868
1 0.445700 0.902139 0.048448 0.023868
1 0.446494 0.926008 0.051625 0.023868
1 0.446891 0.949876 0.047654 0.020332
1 0.495340 0.900371 0.050831 0.023868
1 0.495737 0.924240 0.051625 0.025636
1 0.496134 0.948992 0.052419 0.022100
1 0.534257 0.899929 0.030181 0.026521
1 0.535846 0.926450 0.033358 0.022984
1 0.537831 0.948550 0.030975 0.022984
1 0.566026 0.899487 0.031769 0.020332
1 0.566424 0.924240 0.030975 0.023868
1 0.568012 0.947666 0.030975 0.022984
1 0.607724 0.900813 0.051625 0.021216
1 0.604150 0.923356 0.050831 0.023868
1 0.608518 0.948108 0.045271 0.025636
1 0.643861 0.900371 0.025415 0.020332
1 0.642670 0.925566 0.026210 0.022984
1 0.643067 0.946782 0.025415 0.024752
1 0.670468 0.900371 0.029387 0.020332
1 0.668483 0.922472 0.027004 0.022100
1 0.670865 0.948550 0.030181 0.026521
1 0.698266 0.899929 0.024621 0.021216
1 0.696678 0.922914 0.024621 0.021216
1 0.699458 0.946340 0.022239 0.023868
1 0.724079 0.900813 0.022239 0.019448
1 0.722490 0.922914 0.023827 0.017680
1 0.720902 0.944130 0.023827 0.026521
1 0.756245 0.944572 0.048448 0.025636
1 0.755848 0.897277 0.046066 0.021216
1 0.754260 0.919820 0.046066 0.018564
1 0.802311 0.897277 0.048448 0.021216
1 0.803105 0.944572 0.046860 0.023868
2 0.804694 0.918494 0.048448 0.022984
2 0.839640 0.918052 0.026210 0.022100
2 0.869027 0.918936 0.030975 0.016796
2 0.907150 0.916726 0.046860 0.022984
2 0.951627 0.913632 0.050037 0.020332
1 0.839640 0.894183 0.021444 0.018564
1 0.864261 0.891531 0.029387 0.022100
1 0.905164 0.892415 0.044477 0.027405
1 0.938919 0.891089 0.021444 0.024752
1 0.962349 0.891973 0.022239 0.024752
1 0.836860 0.943688 0.022239 0.020332
1 0.858305 0.941920 0.019062 0.025636
1 0.875778 0.940594 0.019062 0.024752
1 0.907150 0.939710 0.042094 0.024752
1 0.937728 0.939268 0.020650 0.022100
1 0.960364 0.938384 0.026210 0.023868
2 0.227241 0.695427 0.035476 0.017680
2 0.228564 0.713696 0.034946 0.017680
2 0.229359 0.732261 0.035476 0.015912
2 0.229359 0.749057 0.036535 0.016502
2 0.228829 0.767032 0.036535 0.015912
2 0.255039 0.694837 0.019062 0.020038
2 0.255039 0.714580 0.019062 0.017091
2 0.255568 0.732261 0.019062 0.015912
2 0.256627 0.749352 0.018003 0.018270
2 0.256892 0.767916 0.017473 0.016502
2 0.294751 0.693659 0.060362 0.016502
2 0.296869 0.713991 0.060362 0.019448
2 0.295545 0.732850 0.058773 0.014734
2 0.295280 0.748762 0.057185 0.019448
2 0.296074 0.769389 0.057714 0.018270
2 0.360937 0.765264 0.072011 0.013555
2 0.361731 0.746994 0.076776 0.017091
2 0.362260 0.728725 0.071481 0.020627
2 0.363849 0.710455 0.073599 0.014734
2 0.361466 0.691301 0.069893 0.018859
1 0.615371 0.754263 0.020385 0.016502
1 0.637301 0.754263 0.022239 0.017877
1 0.656142 0.755294 0.015443 0.015814
1 0.670041 0.753919 0.016061 0.015814
1 0.685485 0.753919 0.021003 0.015814
1 0.616607 0.770421 0.021621 0.015814
1 0.637919 0.771108 0.021003 0.017189
1 0.662011 0.769733 0.027180 0.017189
2 0.721974 0.689812 0.038625 0.018239
2 0.722560 0.708702 0.036284 0.018239
2 0.722852 0.726290 0.038040 0.015633
2 0.722267 0.746808 0.041551 0.017587
2 0.749773 0.689812 0.020483 0.018239
2 0.750650 0.709680 0.021068 0.018890
2 0.750943 0.727918 0.020483 0.016285
2 0.750358 0.742574 0.020483 0.016936
2 0.776985 0.687533 0.031602 0.016285
2 0.776400 0.706748 0.036284 0.018239
2 0.777571 0.724661 0.032773 0.016285
2 0.777863 0.742900 0.034528 0.017587
2 0.805954 0.687207 0.029846 0.015633
2 0.808002 0.706097 0.026920 0.019541
2 0.809173 0.724987 0.029261 0.018239
2 0.808002 0.743551 0.028091 0.016285
2 0.840775 0.688510 0.033943 0.019541
2 0.841945 0.707400 0.038625 0.016936
2 0.840775 0.724987 0.038625 0.015633
2 0.843116 0.742900 0.036284 0.013679
2 0.874718 0.687533 0.033943 0.020193
2 0.877059 0.705446 0.029261 0.014330
2 0.875596 0.722381 0.032187 0.015633
2 0.879692 0.742900 0.028676 0.018890