2 0.068670 0.426980 0.088227 0.051980
2 0.062543 0.473391 0.090677 0.040842
2 0.063768 0.521040 0.098030 0.039604
2 0.235320 0.425124 0.083325 0.050743
2 0.240222 0.475866 0.073522 0.038366
2 0.235320 0.516708 0.058818 0.038366
2 0.474267 0.420792 0.071071 0.042079
2 0.474267 0.462871 0.071071 0.039604
2 0.473042 0.505569 0.058818 0.043317
2 0.524507 0.424505 0.049015 0.047030
2 0.148319 0.593441 0.071071 0.043317
2 0.147093 0.637995 0.083325 0.038366
2 0.147093 0.679455 0.078424 0.037129
2 0.069895 0.758045 0.061269 0.038366
2 0.072346 0.797649 0.075973 0.038366
2 0.076022 0.839728 0.063719 0.043317
2 0.236545 0.754950 0.075973 0.039604
2 0.240222 0.798886 0.073522 0.038366
2 0.238996 0.837252 0.066170 0.040842
2 0.473042 0.587871 0.068621 0.044554
2 0.469366 0.629332 0.061269 0.040842
2 0.469366 0.670173 0.051466 0.035891
2 0.476718 0.755569 0.056367 0.043317
2 0.476718 0.794554 0.071071 0.034653
2 0.480394 0.837871 0.063719 0.037129
2 0.756102 0.422030 0.056367 0.042079
2 0.824723 0.418317 0.066170 0.051980
2 0.762229 0.466584 0.053916 0.042079
2 0.829625 0.465347 0.071071 0.039604
2 0.833301 0.504332 0.068621 0.040842
2 0.764680 0.509901 0.053916 0.042079
2 0.762229 0.547649 0.049015 0.035891
2 0.677679 0.587252 0.061269 0.045792
2 0.762229 0.590965 0.058818 0.040842
2 0.675228 0.633663 0.056367 0.032178
2 0.762229 0.633045 0.058818 0.033416
2 0.683806 0.670173 0.063719 0.038366
2 0.759778 0.675124 0.058818 0.038366
2 0.762229 0.714728 0.044113 0.033416
2 0.759778 0.754332 0.063719 0.045792
2 0.841878 0.757426 0.080874 0.044554
2 0.840653 0.797030 0.063719 0.037129
2 0.768356 0.801361 0.071071 0.043317
2 0.759778 0.837871 0.063719 0.034653
2 0.843104 0.837871 0.073522 0.034653
2 0.754877 0.878713 0.058818 0.034653
2 0.756102 0.923886 0.066170 0.045792
0 0.154446 0.424505 0.083325 0.051980
0 0.155671 0.472772 0.085776 0.042079
0 0.160572 0.516089 0.080874 0.039604
0 0.150770 0.551980 0.085776 0.034653
0 0.072346 0.556931 0.085776 0.027228
0 0.072346 0.596535 0.085776 0.047030
0 0.071120 0.641089 0.068621 0.039604
0 0.069895 0.684406 0.071071 0.042079
0 0.073571 0.719678 0.078424 0.038366
0 0.079698 0.885520 0.061269 0.040842
0 0.076022 0.922649 0.049015 0.030941
0 0.235320 0.554455 0.073522 0.037129
0 0.235320 0.595297 0.088227 0.039604
0 0.234095 0.637995 0.085776 0.038366
0 0.236545 0.678218 0.090677 0.039604
0 0.232869 0.715965 0.088227 0.035891
0 0.153220 0.723391 0.080874 0.038366
0 0.154446 0.761757 0.083325 0.035891
0 0.154446 0.799505 0.078424 0.037129
0 0.156896 0.841584 0.088227 0.042079
0 0.156896 0.884901 0.068621 0.037129
0 0.153220 0.923886 0.080874 0.030941
0 0.241447 0.881188 0.080874 0.034653
0 0.235320 0.920173 0.073522 0.035891
0 0.313744 0.428218 0.073522 0.049505
0 0.318645 0.474629 0.078424 0.040842
0 0.319871 0.522277 0.090677 0.034653
0 0.321096 0.557550 0.093128 0.035891
0 0.318645 0.596535 0.083325 0.037129
0 0.314969 0.634901 0.080874 0.039604
0 0.322321 0.676980 0.075973 0.034653
0 0.317420 0.718441 0.075973 0.035891
0 0.317420 0.757426 0.080874 0.034653
0 0.316194 0.798267 0.088227 0.037129
0 0.321096 0.842822 0.083325 0.047030
0 0.323547 0.885520 0.063719 0.035891
0 0.316194 0.925743 0.073522 0.039604
0 0.392167 0.425124 0.083325 0.048267
0 0.394618 0.467822 0.078424 0.037129
0 0.398294 0.509282 0.066170 0.043317
0 0.401970 0.551980 0.063719 0.039604
0 0.475493 0.545792 0.068621 0.042079
0 0.401970 0.591584 0.073522 0.042079
0 0.394618 0.632426 0.068621 0.044554
0 0.395844 0.676980 0.061269 0.042079
0 0.394618 0.717203 0.068621 0.040842
0 0.469366 0.712871 0.075973 0.039604
0 0.397069 0.761139 0.073522 0.044554
0 0.397069 0.798267 0.073522 0.042079
0 0.399520 0.839728 0.068621 0.035891
0 0.397069 0.881188 0.058818 0.039604
0 0.387266 0.918936 0.063719 0.043317
0 0.500000 0.876856 0.137241 0.035891
0 0.486521 0.922649 0.134791 0.048267
0 0.530634 0.464109 0.056367 0.037129
0 0.528184 0.505569 0.041663 0.043317
0 0.529409 0.547649 0.044113 0.040842
0 0.530634 0.586634 0.051466 0.042079
0 0.526958 0.631188 0.044113 0.039604
0 0.528184 0.676361 0.041663 0.038366
0 0.528184 0.715347 0.051466 0.042079
0 0.531860 0.755569 0.044113 0.040842
0 0.531860 0.797030 0.049015 0.042079
0 0.530634 0.834777 0.041663 0.035891
0 0.594353 0.423886 0.066170 0.048267
0 0.594353 0.467822 0.071071 0.039604
0 0.587001 0.508045 0.090677 0.038366
0 0.674003 0.422649 0.088227 0.045792
0 0.680129 0.468441 0.085776 0.040842
0 0.676453 0.509901 0.083325 0.037129
0 0.593128 0.547649 0.088227 0.040842
0 0.680129 0.546411 0.071071 0.030941
0 0.596804 0.589728 0.075973 0.038366
0 0.594353 0.630569 0.085776 0.038366
0 0.600480 0.673886 0.078424 0.033416
0 0.596804 0.715347 0.071071 0.037129
0 0.594353 0.755569 0.080874 0.043317
0 0.677679 0.714109 0.080874 0.037129
0 0.678904 0.758663 0.078424 0.042079
0 0.595579 0.798267 0.078424 0.042079
0 0.683806 0.800124 0.088227 0.043317
0 0.593128 0.840347 0.068621 0.034653
0 0.678904 0.839109 0.083325 0.032178
0 0.601706 0.878713 0.066170 0.037129
0 0.676453 0.877475 0.083325 0.049505
0 0.833301 0.549505 0.088227 0.042079
0 0.838202 0.589109 0.098030 0.039604
0 0.839428 0.626856 0.100480 0.043317
0 0.835751 0.670792 0.107833 0.039604
0 0.839428 0.711634 0.095579 0.042079
0 0.830850 0.881188 0.098030 0.044554
0 0.839428 0.927599 0.100480 0.038366
0 0.593128 0.924505 0.078424 0.049505
0 0.670326 0.925124 0.075973 0.043317