2 0.008568 0.373475 0.017136 0.093957
2 0.007215 0.459603 0.014430 0.071338
2 0.005411 0.534421 0.010822 0.078298
2 0.073277 0.363905 0.021194 0.067858
2 0.069895 0.446553 0.022547 0.076558
2 0.067866 0.530941 0.022096 0.092217
2 0.065837 0.612718 0.022547 0.081778
2 0.004509 0.612718 0.009018 0.085258
2 0.106647 0.354336 0.023900 0.090477
2 0.104167 0.446553 0.025253 0.083518
2 0.101687 0.523111 0.024802 0.083518
2 0.100108 0.607499 0.029762 0.081778
2 0.132125 0.348246 0.027056 0.085258
2 0.129870 0.440463 0.026154 0.092217
2 0.127390 0.519631 0.026605 0.080038
2 0.127390 0.598799 0.025703 0.071338
2 0.154446 0.346506 0.024802 0.092217
2 0.154446 0.434373 0.022998 0.086998
2 0.152642 0.518761 0.024802 0.088738
2 0.150613 0.600539 0.025253 0.074818
2 0.189845 0.350856 0.051407 0.104397
2 0.188267 0.442203 0.050054 0.081778
2 0.186688 0.523111 0.048701 0.090477
2 0.186237 0.602279 0.051407 0.088738
2 0.227949 0.349116 0.023900 0.090477
2 0.224342 0.436113 0.030213 0.083518
2 0.222989 0.522241 0.025703 0.081778
2 0.224567 0.613588 0.025253 0.083518
2 0.248016 0.351726 0.027056 0.092217
2 0.247565 0.436983 0.027056 0.085258
2 0.247790 0.518761 0.027507 0.085258
2 0.245761 0.603149 0.024351 0.100917
2 0.272367 0.343026 0.027056 0.081778
2 0.273043 0.429154 0.025703 0.086998
2 0.271690 0.515281 0.024802 0.092217
2 0.269661 0.610978 0.024351 0.095697
2 0.299197 0.343026 0.025703 0.085258
2 0.297845 0.428284 0.024802 0.095697
2 0.296943 0.512671 0.028409 0.090477
2 0.295590 0.598799 0.030213 0.095697
2 0.345193 0.345636 0.067190 0.090477
2 0.344968 0.436113 0.073954 0.080038
2 0.345644 0.520501 0.069895 0.067858
2 0.344291 0.597929 0.070797 0.086998
2 0.389836 0.337806 0.022096 0.095697
2 0.390963 0.436113 0.019841 0.080038
2 0.389836 0.518761 0.022096 0.081778
2 0.388709 0.597059 0.018038 0.085258
2 0.413059 0.347376 0.022547 0.083518
2 0.413510 0.432633 0.025253 0.073078
2 0.412834 0.516151 0.023900 0.076558
2 0.411481 0.603149 0.026605 0.086998
2 0.440115 0.337806 0.022547 0.078298
2 0.462211 0.333456 0.018038 0.097437
2 0.495581 0.336936 0.044192 0.090477
2 0.541126 0.336066 0.045094 0.092217
2 0.438763 0.424804 0.025253 0.064378
2 0.436733 0.504841 0.025703 0.088738
2 0.437410 0.589229 0.024351 0.080038
2 0.462211 0.428284 0.021645 0.067858
2 0.459506 0.507451 0.022547 0.086998
2 0.459957 0.592709 0.023449 0.086998
2 0.495130 0.423934 0.044192 0.076558
2 0.493101 0.501362 0.043741 0.078298
2 0.493101 0.593579 0.041035 0.081778
2 0.539547 0.421324 0.045545 0.067858
1 0.579383 0.330288 0.028247 0.080177
1 0.578896 0.407959 0.029870 0.072660
2 0.622890 0.361607 0.043831 0.137804
2 0.623701 0.476861 0.040909 0.077671
2 0.670617 0.346574 0.047078 0.140310
2 0.672403 0.485630 0.044805 0.120265
2 0.723377 0.339057 0.050000 0.147826
2 0.724351 0.500037 0.051948 0.156596
2 0.815584 0.357848 0.037662 0.147826
2 0.817370 0.514444 0.037987 0.152837
2 0.821591 0.688578 0.043182 0.200442
2 0.846429 0.515697 0.025974 0.162859
2 0.849026 0.694842 0.025325 0.210465
2 0.843019 0.369123 0.021104 0.140310
2 0.862500 0.381025 0.021753 0.149079
2 0.865584 0.525719 0.024026 0.147826
2 0.869156 0.684194 0.025325 0.204201
2 0.882630 0.523213 0.018506 0.145321
2 0.880032 0.383530 0.015909 0.136551
2 0.886688 0.686699 0.016234 0.184156
2 0.897832 0.535099 0.018328 0.131338
2 0.893512 0.401235 0.018067 0.146493