2 0.057935 0.069394 0.053736 0.085204
2 0.104954 0.081846 0.057095 0.076028
2 0.059194 0.147388 0.047859 0.097001
2 0.105793 0.140834 0.063812 0.076028
2 0.167926 0.073981 0.119228 0.107488
2 0.177162 0.139523 0.107473 0.089136
2 0.272460 0.074637 0.111671 0.095690
2 0.283795 0.148043 0.115869 0.090447
2 0.473132 0.072015 0.091520 0.077339
2 0.472292 0.147388 0.073048 0.078650
2 0.550798 0.072671 0.075567 0.078650
2 0.538623 0.150665 0.086482 0.064230
2 0.609572 0.066772 0.070529 0.087825
2 0.599916 0.146077 0.069689 0.081271
2 0.656591 0.067427 0.062133 0.102244
2 0.655751 0.157874 0.057095 0.073406
2 0.730898 0.066772 0.104954 0.069474
2 0.730479 0.136901 0.107473 0.081271
2 0.921075 0.068083 0.057095 0.074717
2 0.971872 0.057596 0.047859 0.064230
2 0.920235 0.136246 0.050378 0.066852
2 0.968094 0.141489 0.063812 0.087825
2 0.732997 0.347944 0.100756 0.097001
2 0.655751 0.351221 0.058774 0.082582
2 0.972712 0.341390 0.052897 0.086515
2 0.916877 0.350566 0.062133 0.081271
2 0.969353 0.423972 0.057935 0.070785
1 0.352645 0.070704 0.055416 0.085204
1 0.401763 0.072671 0.078086 0.110109
1 0.346767 0.145422 0.062133 0.082582
1 0.409320 0.151320 0.081444 0.094379
1 0.801847 0.058907 0.062133 0.093069
1 0.868178 0.059562 0.075567 0.097001
1 0.793451 0.131658 0.067170 0.083893
1 0.861461 0.136901 0.090680 0.086515
1 0.057935 0.220794 0.057095 0.070785
1 0.106633 0.221449 0.052057 0.074717
1 0.175063 0.217517 0.096558 0.085204
1 0.276238 0.218172 0.107473 0.078650
1 0.356003 0.220794 0.058774 0.083893
1 0.407641 0.223416 0.064652 0.062920
1 0.471453 0.216862 0.084803 0.073406
1 0.538203 0.212929 0.083963 0.078650
1 0.601595 0.207686 0.069689 0.086515
1 0.659530 0.220139 0.059614 0.064230
1 0.723342 0.208997 0.093199 0.076028
1 0.799748 0.207030 0.069689 0.079960
1 0.858522 0.206375 0.068010 0.070785
1 0.915617 0.203753 0.056255 0.070785
1 0.968094 0.204409 0.057095 0.069474
1 0.058354 0.287646 0.061293 0.070785
1 0.105793 0.290923 0.058774 0.066852
1 0.175903 0.291579 0.094878 0.070785
1 0.274559 0.294200 0.099076 0.062920
1 0.343829 0.287646 0.069689 0.070785
1 0.399664 0.286991 0.058774 0.069474
1 0.466835 0.288957 0.083963 0.073406
1 0.539463 0.281092 0.084803 0.070785
1 0.605374 0.281747 0.062133 0.079960
1 0.654912 0.285680 0.048699 0.066852
1 0.702771 0.281747 0.050378 0.074717
1 0.752729 0.277160 0.044500 0.070785
1 0.800168 0.277815 0.057095 0.064230
1 0.858942 0.281092 0.065491 0.070785
1 0.916877 0.271916 0.062133 0.065541
1 0.967674 0.277160 0.052897 0.068163
1 0.052477 0.353187 0.061293 0.073406
1 0.106633 0.362363 0.043661 0.065541
1 0.175483 0.359742 0.102435 0.070785
1 0.269102 0.352532 0.089840 0.079960
1 0.342569 0.356465 0.068850 0.079960
1 0.401763 0.356465 0.061293 0.064230
1 0.466415 0.359742 0.079765 0.070785
1 0.544920 0.364329 0.083963 0.074717
1 0.603694 0.358431 0.057095 0.083893
1 0.804366 0.354498 0.055416 0.076028
1 0.861041 0.353187 0.073048 0.081271
1 0.052477 0.433148 0.064652 0.086515
1 0.099916 0.427249 0.058774 0.077339
1 0.173384 0.431182 0.104954 0.074717
1 0.265743 0.427249 0.098237 0.082582
1 0.339631 0.429871 0.066331 0.077339
1 0.402183 0.437736 0.065491 0.087825
1 0.462636 0.428560 0.090680 0.082582
1 0.537364 0.429871 0.094039 0.085204
1 0.604534 0.420040 0.063812 0.078650
1 0.659110 0.429215 0.053736 0.068163
1 0.724601 0.427249 0.112510 0.072095
1 0.799748 0.423317 0.059614 0.066852
1 0.859782 0.420040 0.073887 0.081271
1 0.923174 0.422006 0.054576 0.079960
1 0.051637 0.496723 0.059614 0.066852
1 0.093199 0.498689 0.060453 0.073406
1 0.172124 0.500000 0.085642 0.078650
1 0.264484 0.498689 0.105793 0.076028
1 0.345088 0.501311 0.058774 0.065541
1 0.399664 0.501966 0.067170 0.074717
1 0.463056 0.496068 0.101595 0.078650
1 0.544500 0.494101 0.071369 0.066852
1 0.609572 0.499345 0.058774 0.066852
1 0.655751 0.498034 0.057095 0.074717
1 0.697733 0.495412 0.050378 0.072095
1 0.745172 0.496723 0.056255 0.061609
1 0.798489 0.497378 0.060453 0.076028
1 0.861881 0.496723 0.078086 0.077339
1 0.921075 0.496068 0.067170 0.076028
1 0.971453 0.492135 0.041982 0.073406
1 0.060453 0.571440 0.047019 0.061609
1 0.102435 0.566852 0.048699 0.060298
1 0.172544 0.576683 0.094878 0.064230
1 0.261125 0.571440 0.099076 0.066852
1 0.339211 0.568818 0.065491 0.074717
1 0.403442 0.568163 0.064652 0.070785
1 0.463896 0.576683 0.078086 0.058987
1 0.540302 0.564886 0.071369 0.074717
1 0.601595 0.561609 0.064652 0.070785
1 0.657011 0.568818 0.051217 0.077339
1 0.704870 0.564230 0.051217 0.068163
1 0.747271 0.564230 0.062133 0.078650
1 0.803107 0.570129 0.052897 0.072095
1 0.862720 0.566852 0.076406 0.073406
1 0.922754 0.570785 0.053736 0.065541
1 0.969773 0.569474 0.053736 0.081271
1 0.044920 0.635671 0.062972 0.079960
1 0.096138 0.646157 0.056255 0.069474
1 0.166667 0.638948 0.099916 0.076028
1 0.261125 0.638948 0.104114 0.068163
1 0.335013 0.628461 0.078925 0.086515
1 0.402603 0.641569 0.064652 0.068163
1 0.467674 0.640258 0.072208 0.073406
1 0.543661 0.642880 0.078086 0.076028
1 0.607473 0.638292 0.062972 0.087825
1 0.653233 0.643535 0.047019 0.061609
1 0.698153 0.642880 0.054576 0.073406
1 0.751469 0.635671 0.053736 0.066852
1 0.801427 0.639603 0.069689 0.074717
1 0.863980 0.633049 0.078925 0.079960
1 0.920235 0.637637 0.057095 0.073406
1 0.970193 0.642880 0.054576 0.070785
1 0.048279 0.712354 0.057935 0.083893
1 0.091520 0.706455 0.058774 0.069474
1 0.164568 0.714320 0.102435 0.074717
1 0.264064 0.714320 0.106633 0.079960
1 0.342989 0.706455 0.068010 0.085204
1 0.399244 0.713009 0.074727 0.079960
1 0.465995 0.710388 0.068850 0.074717
1 0.528967 0.708421 0.089001 0.076028
1 0.602435 0.716942 0.059614 0.069474
1 0.655751 0.715631 0.050378 0.064230
1 0.696054 0.714976 0.055416 0.078650
1 0.743913 0.714320 0.065491 0.082582
1 0.799748 0.713665 0.069689 0.076028
1 0.866499 0.713009 0.058774 0.074717
1 0.918976 0.713665 0.052897 0.073406
1 0.971872 0.720874 0.049538 0.079960
1 0.045760 0.778551 0.051217 0.074717
1 0.097397 0.787726 0.050378 0.064230
1 0.146096 0.787071 0.062133 0.070785
1 0.193955 0.782483 0.045340 0.074717
1 0.264484 0.784449 0.095718 0.083893
1 0.339631 0.780517 0.061293 0.081271
1 0.399244 0.783794 0.064652 0.074717
1 0.462217 0.787071 0.071369 0.073406
1 0.536524 0.783794 0.102435 0.093069
1 0.609992 0.798213 0.064652 0.069474
1 0.652813 0.792314 0.052897 0.060298
1 0.703191 0.789693 0.051217 0.073406
1 0.750210 0.786416 0.052897 0.072095
1 0.799748 0.783794 0.064652 0.077339
1 0.858522 0.784449 0.069689 0.076028
1 0.923174 0.787726 0.052897 0.074717
1 0.972292 0.794280 0.043661 0.058987
1 0.044920 0.849335 0.047859 0.074717
1 0.091520 0.852612 0.060453 0.070785
1 0.134341 0.857856 0.063812 0.068163
1 0.188497 0.851301 0.051217 0.076028
1 0.231738 0.853268 0.060453 0.085204
1 0.291352 0.853923 0.045340 0.068163
1 0.333753 0.853268 0.049538 0.079960
1 0.395046 0.863099 0.066331 0.070785
1 0.463056 0.861133 0.057935 0.069474
1 0.533585 0.863754 0.073048 0.074717
1 0.607473 0.867687 0.054576 0.072095
1 0.653233 0.862443 0.040302 0.072095
1 0.702351 0.863754 0.056255 0.069474
1 0.755248 0.870308 0.041142 0.066852
1 0.803107 0.870308 0.059614 0.087825
1 0.868178 0.874241 0.065491 0.090447
1 0.921914 0.866376 0.050378 0.079960
1 0.968094 0.868342 0.038623 0.081271
