2 0.073268 0.666071 0.025091 0.029762
2 0.096217 0.663467 0.018360 0.036458
2 0.174246 0.649702 0.026315 0.032738
2 0.199337 0.645610 0.021420 0.033482
2 0.225041 0.640774 0.026315 0.037202
2 0.250438 0.635938 0.022032 0.034970
2 0.342542 0.622545 0.028763 0.033482
2 0.373141 0.618080 0.029987 0.037946
2 0.176082 0.681696 0.026315 0.031250
2 0.200561 0.676488 0.021420 0.028274
2 0.225347 0.674256 0.026927 0.026786
2 0.251356 0.671652 0.022644 0.030506
2 0.177306 0.714435 0.025091 0.032738
2 0.202091 0.709226 0.024479 0.034226
2 0.227489 0.706250 0.022644 0.032738
2 0.252886 0.704390 0.025703 0.031994
2 0.177918 0.748289 0.026315 0.031994
2 0.203315 0.743080 0.022032 0.031994
2 0.228407 0.741964 0.025703 0.032738
2 0.255334 0.739360 0.025703 0.034970
2 0.179448 0.779539 0.026927 0.027530
2 0.204845 0.776563 0.020196 0.030506
2 0.230242 0.774702 0.026927 0.032738
2 0.256864 0.773214 0.022644 0.029762
2 0.097135 0.696205 0.020196 0.026042
2 0.075410 0.698438 0.022032 0.030506
2 0.097135 0.724107 0.018972 0.028274
2 0.076022 0.727827 0.022032 0.028274
2 0.098359 0.755729 0.017748 0.031994
2 0.076940 0.759077 0.023868 0.034226
2 0.098665 0.788095 0.017136 0.031250
2 0.079082 0.789583 0.020808 0.026786
2 0.344300 0.658980 0.028919 0.037901
2 0.374671 0.653795 0.031823 0.029018
2 0.347132 0.693973 0.030599 0.031994
2 0.376507 0.686533 0.029375 0.033482
2 0.406495 0.685417 0.026927 0.029762
2 0.438318 0.681696 0.031823 0.031250
2 0.347438 0.728943 0.031211 0.031994
2 0.379261 0.724479 0.028763 0.031994
2 0.408943 0.721503 0.028151 0.033482
2 0.440154 0.718527 0.033047 0.033482
2 0.349580 0.765030 0.033047 0.031250
2 0.379873 0.757961 0.027539 0.031994
2 0.411085 0.759077 0.032435 0.035714
2 0.442908 0.756845 0.028763 0.032738
2 0.182507 0.877381 0.029375 0.032738
2 0.207905 0.877753 0.025091 0.034970
2 0.233914 0.875893 0.029375 0.034226
2 0.259766 0.874405 0.023552 0.032738
2 0.352640 0.868824 0.033047 0.034970
2 0.383851 0.868452 0.030599 0.035714
2 0.413227 0.868080 0.029375 0.034970
2 0.445050 0.865104 0.033047 0.034970
2 0.104479 0.882961 0.025091 0.029018
2 0.080306 0.882589 0.020808 0.029762
1 0.122177 0.655283 0.026216 0.031994
1 0.149596 0.652793 0.021843 0.033425
1 0.121727 0.686905 0.026363 0.028388
1 0.148467 0.686676 0.024103 0.030678
1 0.122292 0.718040 0.025986 0.032051
1 0.148278 0.716438 0.025233 0.027930
1 0.123234 0.750275 0.027116 0.032051
1 0.149220 0.748672 0.024103 0.032509
1 0.124740 0.783013 0.026363 0.032509
1 0.151668 0.782326 0.025986 0.032967
1 0.079171 0.817995 0.024103 0.028846
1 0.101202 0.817537 0.019207 0.026099
1 0.125682 0.815476 0.028999 0.030220
1 0.153927 0.814332 0.025986 0.029762
1 0.180478 0.811355 0.026363 0.032051
1 0.205523 0.810211 0.024479 0.031593
1 0.231697 0.809295 0.027869 0.032509
1 0.256553 0.806548 0.022596 0.032509
1 0.078983 0.847985 0.023726 0.029304
1 0.102897 0.846841 0.022596 0.029762
1 0.128130 0.845925 0.027869 0.030678
1 0.154492 0.844780 0.024103 0.029304
1 0.181420 0.843636 0.027492 0.030678
1 0.207029 0.842949 0.022220 0.031136
1 0.232262 0.841117 0.026739 0.032051
1 0.257683 0.841575 0.022596 0.033883
1 0.129448 0.879853 0.024479 0.032967
1 0.155246 0.878938 0.025609 0.033883
1 0.279940 0.630082 0.032765 0.033425
1 0.312517 0.625275 0.028622 0.035714
1 0.280317 0.665339 0.033518 0.036172
1 0.311010 0.660760 0.027869 0.034341
1 0.282012 0.700137 0.030882 0.034341
1 0.312517 0.696016 0.029375 0.036172
1 0.284158 0.734203 0.029752 0.033425
1 0.315228 0.732372 0.029375 0.034341
1 0.284347 0.769231 0.030129 0.035714
1 0.315982 0.766026 0.030882 0.032967
1 0.284723 0.802198 0.030882 0.029304
1 0.316735 0.799771 0.033895 0.033425
1 0.285853 0.835714 0.033141 0.035714
1 0.318806 0.835028 0.030505 0.036172
1 0.287736 0.871749 0.030882 0.035256
1 0.319371 0.872207 0.030882 0.035256
1 0.350253 0.799176 0.031635 0.033883
1 0.350818 0.832601 0.030505 0.032967
1 0.381549 0.797115 0.028999 0.036172
1 0.382302 0.832143 0.032012 0.032967
1 0.411489 0.794139 0.030129 0.032967
1 0.411678 0.829625 0.026739 0.036172
1 0.443124 0.792995 0.031635 0.035256
1 0.442371 0.827564 0.032388 0.032051
1 0.082598 0.913095 0.022220 0.025641
1 0.105759 0.911951 0.024103 0.025183
1 0.129109 0.911493 0.024103 0.028846
1 0.154907 0.911264 0.027492 0.029304
1 0.183529 0.909890 0.028999 0.029304
1 0.209326 0.910348 0.024103 0.030220
1 0.234747 0.909432 0.027492 0.032051
1 0.260733 0.908059 0.024479 0.032967
1 0.289017 0.907143 0.031635 0.034799
1 0.321028 0.907601 0.030882 0.034799
1 0.353228 0.904854 0.032765 0.034799
1 0.384675 0.904625 0.027869 0.037088
1 0.414276 0.903938 0.029375 0.035714
1 0.444405 0.902106 0.030882 0.035714
1 0.081958 0.942399 0.024856 0.033883
1 0.105872 0.942628 0.022973 0.032509
1 0.129410 0.942628 0.024856 0.033425
1 0.155773 0.942857 0.027116 0.032967
1 0.184395 0.942857 0.027869 0.032967
1 0.210004 0.942857 0.024103 0.032967
1 0.235162 0.942857 0.026363 0.032051
1 0.260583 0.942628 0.024479 0.033425
1 0.289770 0.942170 0.031635 0.034341
1 0.322346 0.942628 0.031258 0.033425
1 0.354132 0.941255 0.030505 0.036172
1 0.384825 0.941255 0.031635 0.034341
1 0.415745 0.940339 0.028999 0.036172
1 0.446438 0.938965 0.032388 0.036172
1 0.473190 0.675676 0.035727 0.034749
1 0.512093 0.671815 0.036521 0.034749
1 0.474381 0.711390 0.034139 0.032819
1 0.512490 0.707529 0.038109 0.036680
1 0.477160 0.748069 0.038109 0.040541
1 0.513879 0.746380 0.034536 0.039093
1 0.477755 0.787597 0.036918 0.036197
1 0.514078 0.785666 0.035727 0.037162
1 0.477755 0.824759 0.036918 0.037162
1 0.514475 0.823070 0.037315 0.035714
1 0.477597 0.861583 0.038506 0.036680
1 0.516102 0.859894 0.037712 0.036197
1 0.478986 0.899952 0.036521 0.037162
1 0.517293 0.897297 0.040887 0.036680
1 0.479978 0.936631 0.035330 0.035232
1 0.519476 0.933977 0.041284 0.035714
2 0.565832 0.662688 0.063776 0.044173
2 0.617432 0.656109 0.040198 0.041353
2 0.656471 0.650940 0.037879 0.040414
2 0.567378 0.701927 0.066868 0.038064
2 0.619558 0.697462 0.039038 0.041353
2 0.659176 0.692763 0.040198 0.043233
2 0.566798 0.740602 0.068027 0.038534
2 0.619365 0.738017 0.035560 0.039944
2 0.658017 0.734962 0.040198 0.040414
2 0.697364 0.646617 0.041744 0.041353
2 0.699490 0.689615 0.040584 0.042763
2 0.700263 0.733083 0.041357 0.041353
2 0.570007 0.857143 0.068414 0.037594
2 0.623346 0.857378 0.039038 0.038064
2 0.863992 0.625094 0.040584 0.053571
2 0.906509 0.618515 0.042130 0.047932
2 0.950572 0.613816 0.043677 0.044173
2 0.865538 0.670912 0.042904 0.037124
2 0.906896 0.664568 0.042130 0.041353
2 0.949799 0.659399 0.042130 0.045113
2 0.864572 0.713487 0.040971 0.043703
2 0.907282 0.707143 0.040584 0.042293
2 0.950572 0.703618 0.044450 0.040883
2 0.866311 0.754370 0.041357 0.037124
2 0.907669 0.748966 0.039811 0.041353
2 0.949993 0.746617 0.043290 0.043233
2 0.701561 0.771371 0.043115 0.032834
1 0.566915 0.779991 0.068166 0.040751
1 0.620394 0.778159 0.039544 0.039835
1 0.661255 0.775412 0.039167 0.038919
1 0.568045 0.819597 0.068166 0.036630
1 0.622841 0.816621 0.042933 0.037088
1 0.661820 0.814103 0.037284 0.039377
1 0.700234 0.808837 0.038791 0.041667
1 0.662762 0.855082 0.039167 0.039835
1 0.701741 0.851877 0.037284 0.043498
1 0.571811 0.896383 0.068166 0.038004
1 0.624913 0.895925 0.038791 0.038004
1 0.663703 0.895238 0.038037 0.039377
1 0.701552 0.892262 0.036908 0.038004
1 0.573882 0.934615 0.065530 0.038462
1 0.626419 0.933700 0.040297 0.036630
1 0.664645 0.933013 0.036154 0.035256
1 0.701929 0.930723 0.036154 0.035256
1 0.780263 0.925916 0.039167 0.043040
1 0.778380 0.884936 0.041427 0.038004
1 0.777251 0.844185 0.042180 0.040751
1 0.775932 0.802518 0.043310 0.041667
1 0.773861 0.760531 0.042933 0.037546
1 0.773673 0.721612 0.040297 0.037546
1 0.773108 0.679945 0.038414 0.041209
1 0.772166 0.637592 0.038037 0.040751
1 0.825008 0.925275 0.048582 0.041209
1 0.823031 0.882349 0.046888 0.043269
1 0.823596 0.840453 0.046888 0.043269
1 0.821054 0.799245 0.045193 0.041896
1 0.818794 0.757349 0.046323 0.043269
1 0.817947 0.715453 0.048017 0.043269
1 0.817947 0.673901 0.048017 0.039835
1 0.817100 0.634409 0.049712 0.037775
1 0.867222 0.794826 0.045570 0.041667
1 0.909214 0.791850 0.039167 0.043040
1 0.951582 0.790018 0.044816 0.041209
1 0.869670 0.838782 0.042933 0.044414
1 0.910909 0.836722 0.038791 0.044872
1 0.953089 0.833288 0.047076 0.043498
1 0.869934 0.882921 0.045570 0.041667
1 0.912114 0.880403 0.039544 0.042125
1 0.955235 0.877656 0.045193 0.043956
1 0.871817 0.923901 0.044063 0.039377
1 0.913055 0.922070 0.038414 0.043040
1 0.955235 0.921154 0.045193 0.041209