0 0.798787 0.599313 0.132431 0.027930
0 0.798787 0.626557 0.132431 0.025641
0 0.798787 0.651969 0.130242 0.025183
0 0.799225 0.677427 0.130242 0.025183
0 0.799225 0.703755 0.130242 0.026557
0 0.799772 0.729853 0.129147 0.023810
0 0.797583 0.755037 0.129147 0.024725
0 0.797583 0.779762 0.131336 0.024725
0 0.796489 0.805632 0.131336 0.025183
0 0.795394 0.831502 0.133525 0.025641
0 0.796489 0.857143 0.131336 0.025641
0 0.796489 0.883288 0.131336 0.026099
0 0.795941 0.908700 0.130242 0.024725
0 0.798677 0.933837 0.126959 0.026099
0 0.798130 0.959249 0.128053 0.024725
0 0.666247 0.599679 0.126959 0.027930
0 0.667341 0.626236 0.126959 0.026099
0 0.666247 0.651877 0.126959 0.025183
0 0.667888 0.677747 0.128053 0.024725
0 0.667888 0.703800 0.128053 0.026099
0 0.667717 0.729840 0.129176 0.023026
0 0.666032 0.755686 0.128053 0.024906
0 0.664347 0.781767 0.129176 0.024436
0 0.663785 0.806673 0.128053 0.023496
0 0.665470 0.832519 0.122437 0.026316
0 0.666032 0.858365 0.121313 0.024436
0 0.664347 0.884070 0.126930 0.025846
0 0.667155 0.911325 0.128053 0.025846
0 0.668278 0.935526 0.130300 0.024436
0 0.668166 0.960385 0.131423 0.025846
0 0.527195 0.600517 0.146025 0.028665
0 0.528880 0.627068 0.151642 0.026316
0 0.528319 0.654323 0.148272 0.026316
0 0.530003 0.680169 0.149395 0.025376
0 0.528319 0.706250 0.146025 0.024906
0 0.527757 0.730216 0.144902 0.025846
0 0.526634 0.756062 0.144902 0.025846
0 0.529442 0.782049 0.141532 0.028195
0 0.527757 0.809070 0.142656 0.026786
0 0.528880 0.835150 0.147149 0.024436
0 0.527420 0.860526 0.150518 0.026316
0 0.526858 0.885902 0.147149 0.024436
0 0.529667 0.912453 0.152765 0.027726
0 0.530228 0.937594 0.144902 0.025376
0 0.530790 0.962735 0.146025 0.024906
0 0.382518 0.600282 0.143779 0.027256
0 0.383080 0.627773 0.142656 0.028665
0 0.384764 0.655498 0.141532 0.024906
0 0.383641 0.680639 0.141532 0.024436
0 0.385326 0.705780 0.142656 0.023966
0 0.384203 0.731391 0.142656 0.024436
0 0.384203 0.757942 0.142656 0.027726
0 0.385888 0.783788 0.141532 0.024906
0 0.386225 0.809258 0.144902 0.025846
0 0.386225 0.835808 0.135916 0.025376
0 0.386225 0.860949 0.135916 0.024906
0 0.385101 0.887500 0.140409 0.028195
0 0.386225 0.912453 0.138162 0.024906
0 0.386786 0.939004 0.139286 0.028195
0 0.386786 0.966729 0.139286 0.026316
0 0.239638 0.602068 0.143779 0.028195
0 0.239076 0.628383 0.147149 0.028195
0 0.238514 0.655639 0.150518 0.026316
0 0.239076 0.680780 0.151642 0.026786
0 0.243569 0.707096 0.151642 0.024906
0 0.239638 0.733177 0.143779 0.025376
0 0.243008 0.758318 0.139286 0.024906
0 0.240199 0.783835 0.142656 0.026316
0 0.243569 0.810620 0.140409 0.026316
0 0.244131 0.836466 0.150518 0.027256
0 0.244692 0.862782 0.144902 0.026316
0 0.243569 0.888487 0.144902 0.025846
0 0.248062 0.914568 0.142656 0.025376
0 0.246377 0.939709 0.141532 0.025846
0 0.249186 0.966494 0.142656 0.027726