1 0.153835 0.401609 0.097716 0.043317
1 0.241156 0.402228 0.081084 0.044554
1 0.155914 0.446782 0.097716 0.042079
1 0.150717 0.488861 0.099795 0.037129
1 0.150717 0.527847 0.091479 0.035891
1 0.152796 0.568688 0.099795 0.035891
1 0.147598 0.607673 0.089400 0.042079
1 0.146558 0.646658 0.095637 0.035891
1 0.146558 0.686881 0.103953 0.037129
1 0.147598 0.730198 0.097716 0.037129
1 0.148638 0.768564 0.099795 0.034653
1 0.148638 0.809406 0.095637 0.034653
1 0.242196 0.444307 0.074846 0.039604
1 0.244275 0.488861 0.066530 0.029703
1 0.235958 0.531559 0.074846 0.038366
1 0.233879 0.564975 0.074846 0.048267
1 0.234919 0.608292 0.072767 0.040842
1 0.235958 0.646658 0.079005 0.035891
1 0.239077 0.688119 0.076926 0.047030
1 0.232840 0.725248 0.081084 0.044554
1 0.236998 0.769183 0.072767 0.035891
1 0.236998 0.808168 0.072767 0.037129
1 0.349268 0.401609 0.135139 0.043317
1 0.348228 0.440594 0.137218 0.044554
1 0.349268 0.484530 0.139298 0.040842
1 0.345109 0.525371 0.143456 0.045792
1 0.347189 0.567450 0.151772 0.043317
1 0.341991 0.606436 0.149693 0.044554
1 0.340951 0.647896 0.143456 0.038366
1 0.338872 0.683787 0.147614 0.043317
1 0.340951 0.728960 0.135139 0.042079
1 0.340951 0.765470 0.139298 0.040842
1 0.340951 0.806931 0.130981 0.039604
1 0.469854 0.401609 0.106032 0.043317
1 0.465695 0.444926 0.089400 0.038366
1 0.468814 0.487624 0.091479 0.044554
1 0.467774 0.527847 0.089400 0.035891
1 0.461537 0.566213 0.093558 0.040842
1 0.460498 0.607673 0.087321 0.044554
1 0.461537 0.650371 0.089400 0.040842
1 0.460498 0.688119 0.095637 0.034653
1 0.461537 0.729579 0.093558 0.040842
1 0.459458 0.771658 0.097716 0.038366
1 0.459458 0.808787 0.097716 0.035891
1 0.596677 0.401609 0.143456 0.040842
1 0.586281 0.441213 0.147614 0.045792
1 0.588360 0.488861 0.151772 0.044554
1 0.589400 0.527847 0.141377 0.040842
1 0.582123 0.565594 0.139298 0.042079
1 0.577965 0.604579 0.143456 0.038366
1 0.579005 0.647896 0.153851 0.043317
1 0.579005 0.686262 0.145535 0.040842
1 0.575886 0.725248 0.151772 0.044554
1 0.575886 0.765470 0.143456 0.035891
1 0.577965 0.803218 0.147614 0.044554
1 0.719342 0.400371 0.114349 0.045792
1 0.715184 0.441832 0.110191 0.044554
1 0.717263 0.484530 0.106032 0.040842
1 0.713104 0.527847 0.101874 0.043317
1 0.709986 0.566213 0.108112 0.043317
1 0.705828 0.607673 0.103953 0.042079
1 0.708946 0.648515 0.106032 0.037129
1 0.707907 0.686881 0.108112 0.044554
1 0.706867 0.728342 0.101874 0.035891
1 0.706867 0.766089 0.101874 0.044554
1 0.705828 0.806931 0.103953 0.039604
1 0.826414 0.400990 0.108112 0.047030
1 0.824335 0.442450 0.108112 0.035891
1 0.826414 0.484530 0.108112 0.050743
1 0.818097 0.526609 0.103953 0.043317
1 0.813939 0.566213 0.108112 0.045792
1 0.813939 0.608911 0.103953 0.042079
1 0.813939 0.646658 0.108112 0.038366
1 0.812900 0.689356 0.110191 0.042079
1 0.810821 0.728342 0.101874 0.038366
1 0.810821 0.767327 0.110191 0.034653
1 0.807702 0.806931 0.103953 0.042079
2 0.150717 0.846535 0.099795 0.049505
2 0.238037 0.842203 0.083163 0.043317
2 0.151756 0.889233 0.101874 0.040842
2 0.147598 0.930693 0.097716 0.037129
2 0.149677 0.969678 0.106032 0.040842
2 0.242196 0.889233 0.066530 0.040842
2 0.233879 0.930693 0.074846 0.032178
2 0.242196 0.972772 0.074846 0.037129
2 0.343030 0.845297 0.135139 0.044554
2 0.345109 0.887995 0.135139 0.040842
2 0.344070 0.925743 0.145535 0.039604
2 0.344070 0.969678 0.137218 0.038366
2 0.459458 0.847772 0.093558 0.039604
2 0.461537 0.886139 0.089400 0.042079
2 0.462577 0.926361 0.091479 0.035891
2 0.462577 0.970297 0.091479 0.039604
2 0.577965 0.847153 0.135139 0.043317
2 0.574846 0.887376 0.145535 0.037129
2 0.575886 0.927599 0.147614 0.040842
2 0.582123 0.968441 0.139298 0.038366
2 0.702709 0.849629 0.101874 0.040842
2 0.703749 0.887995 0.112270 0.038366
2 0.704788 0.928837 0.106032 0.035891
2 0.705828 0.967822 0.103953 0.037129
2 0.803544 0.845916 0.099795 0.040842
2 0.808742 0.885520 0.101874 0.038366
2 0.807702 0.926361 0.091479 0.035891
2 0.809781 0.967203 0.099795 0.040842