2 0.030706 0.420543 0.024946 0.036064
2 0.055848 0.419862 0.023887 0.037426
2 0.095610 0.418895 0.053217 0.036637
2 0.094854 0.457249 0.054729 0.034347
2 0.054941 0.457249 0.023283 0.033202
2 0.030298 0.459252 0.024190 0.033775
2 0.028332 0.497320 0.024492 0.036637
2 0.053580 0.496175 0.023585 0.038927
2 0.092888 0.495031 0.054427 0.038927
2 0.142175 0.417750 0.037494 0.037782
2 0.141268 0.457249 0.037494 0.037782
2 0.140058 0.495889 0.036889 0.037209
2 0.190252 0.497320 0.059869 0.041216
2 0.191310 0.457249 0.060776 0.038927
2 0.192217 0.419467 0.060776 0.038927
2 0.027516 0.534186 0.022980 0.036637
2 0.051705 0.534472 0.020561 0.036064
2 0.091165 0.532755 0.054729 0.036064
2 0.138637 0.533614 0.039611 0.036637
2 0.189284 0.536190 0.058660 0.038354
2 0.138335 0.571395 0.039611 0.034347
2 0.090106 0.570250 0.056241 0.033202
2 0.050345 0.573113 0.022678 0.034347
2 0.026760 0.572540 0.023887 0.030912
2 0.187319 0.571109 0.058962 0.033775
2 0.250877 0.420097 0.054729 0.040644
2 0.249819 0.459596 0.054427 0.036064
2 0.248307 0.497664 0.053822 0.037782
2 0.247248 0.536590 0.055939 0.037782
2 0.246493 0.575231 0.057450 0.038354
2 0.294116 0.420956 0.029330 0.038927
2 0.323748 0.420669 0.028120 0.039499
2 0.322085 0.460455 0.028423 0.038927
2 0.292302 0.461886 0.030539 0.037209
2 0.291848 0.499381 0.032051 0.038927
2 0.290941 0.536877 0.030237 0.036064
2 0.290639 0.574086 0.031447 0.037209
2 0.320724 0.498523 0.027516 0.039499
2 0.320724 0.538022 0.028120 0.038354
2 0.320876 0.576089 0.027818 0.034347
2 0.354288 0.459310 0.033563 0.036637
2 0.353532 0.499095 0.035075 0.038354
2 0.352020 0.538022 0.034470 0.034919
2 0.350810 0.574086 0.033866 0.036064
2 0.386188 0.459768 0.029632 0.040071
2 0.430636 0.460913 0.056846 0.043506
2 0.477655 0.461771 0.035377 0.041789
2 0.513788 0.463775 0.036284 0.044651
2 0.385129 0.498980 0.029935 0.036064
2 0.429276 0.500412 0.058358 0.037782
2 0.475992 0.501270 0.037494 0.037209
2 0.512881 0.504419 0.036284 0.038927
2 0.383466 0.537048 0.029028 0.035492
2 0.428066 0.539052 0.058962 0.038354
2 0.475992 0.539338 0.036284 0.042361
2 0.511672 0.541628 0.036284 0.037782
2 0.382559 0.575402 0.030842 0.038927
2 0.427310 0.574544 0.059869 0.034919
2 0.475085 0.578837 0.037494 0.037782
2 0.511672 0.579123 0.036284 0.037209
2 0.560595 0.465950 0.059869 0.045796
2 0.560595 0.506880 0.059869 0.039499
2 0.559990 0.544089 0.061079 0.038354
2 0.559688 0.580726 0.061079 0.041789
2 0.619406 0.469671 0.055334 0.046368
2 0.619860 0.510601 0.056846 0.041216
2 0.618953 0.546093 0.056846 0.040071
2 0.619557 0.583302 0.055636 0.042361
2 0.660377 0.472820 0.025399 0.038927
2 0.690010 0.476540 0.030842 0.041789
2 0.660529 0.512032 0.026306 0.038354
2 0.689103 0.513463 0.030237 0.037782
2 0.660226 0.548955 0.026911 0.037782
2 0.688951 0.551245 0.029935 0.037782
2 0.660529 0.587596 0.026911 0.036064
2 0.688951 0.586451 0.030539 0.034919
1 0.688538 0.627221 0.032547 0.041079
1 0.659057 0.625435 0.025472 0.035721
1 0.618019 0.622310 0.058491 0.036614
1 0.559057 0.618291 0.063208 0.039293
1 0.509764 0.615612 0.037264 0.037507
1 0.472972 0.616951 0.037264 0.036614
1 0.425566 0.615165 0.057547 0.034828
1 0.381226 0.615165 0.030189 0.036614
1 0.689245 0.662495 0.031132 0.029470
1 0.659528 0.660263 0.028302 0.032149
1 0.617531 0.659689 0.057390 0.039442
1 0.557586 0.656340 0.060928 0.038698
1 0.508648 0.653735 0.036950 0.039442
1 0.471895 0.654479 0.035770 0.039442
1 0.424332 0.653735 0.060142 0.039442
1 0.379324 0.652619 0.029874 0.038698
1 0.423742 0.691316 0.058962 0.037209
1 0.423153 0.731874 0.059355 0.039442
1 0.472484 0.695037 0.036164 0.038698
1 0.508844 0.694665 0.038915 0.043907
1 0.557783 0.694293 0.061321 0.046139
1 0.617138 0.696898 0.061321 0.046884
1 0.471895 0.731874 0.038129 0.043907
1 0.508451 0.732246 0.038129 0.044651
1 0.557586 0.733735 0.064072 0.044651
1 0.616942 0.734479 0.058569 0.047628
1 0.659945 0.696823 0.027909 0.044651
1 0.689819 0.700172 0.031053 0.043907
1 0.689623 0.740358 0.033019 0.040930
1 0.616627 0.856521 0.058726 0.040790
1 0.690016 0.817009 0.036164 0.042418
1 0.689623 0.856079 0.032233 0.040186
1 0.660142 0.856823 0.028302 0.046139
1 0.659552 0.814404 0.028695 0.035721
1 0.471698 0.773474 0.036164 0.037209
1 0.347406 0.654107 0.036164 0.035721
1 0.348781 0.614293 0.038915 0.039442
1 0.315369 0.651875 0.028695 0.041674
1 0.285692 0.652619 0.029874 0.043163
1 0.316745 0.613549 0.025943 0.036465
1 0.286675 0.612433 0.032626 0.040186
1 0.243829 0.610944 0.057783 0.041674
1 0.243632 0.651502 0.056604 0.037953
1 0.244418 0.689828 0.056604 0.037209
1 0.241470 0.728153 0.059355 0.039442
1 0.238129 0.770572 0.060535 0.040930
1 0.235377 0.810758 0.060535 0.036465
1 0.232822 0.849828 0.056997 0.038698
1 0.287854 0.692061 0.033412 0.043163
1 0.317925 0.691316 0.027516 0.040186
1 0.286675 0.732246 0.034984 0.043163
1 0.316156 0.731502 0.023978 0.037209
1 0.313601 0.770944 0.025157 0.035721
1 0.312225 0.811874 0.025550 0.043163
1 0.311635 0.852060 0.022799 0.038698
1 0.309277 0.891130 0.025943 0.033488
1 0.182311 0.725549 0.062107 0.040186
1 0.185259 0.682386 0.061714 0.040186
1 0.184670 0.641828 0.059748 0.039442
1 0.184473 0.604247 0.061714 0.035721
1 0.345440 0.770572 0.033805 0.039442
1 0.134709 0.608563 0.038915 0.038698
1 0.134513 0.648749 0.040881 0.040186
1 0.131958 0.690051 0.041274 0.039442
1 0.130189 0.728005 0.040881 0.036465
1 0.086360 0.726516 0.046777 0.036465
1 0.087343 0.686330 0.049528 0.039442
1 0.089898 0.610051 0.049135 0.046139
1 0.087539 0.649493 0.052280 0.040186
1 0.051376 0.613028 0.029481 0.046139
1 0.050000 0.646889 0.026730 0.033488
1 0.050983 0.681865 0.023192 0.034977
1 0.050590 0.719446 0.020047 0.028279
1 0.050000 0.758516 0.021226 0.036465
1 0.024450 0.608191 0.019654 0.036465
1 0.024843 0.643912 0.020440 0.029023
1 0.736281 0.893288 0.055425 0.040186
1 0.788758 0.894776 0.050314 0.041674
1 0.789544 0.934590 0.051101 0.034977
1 0.842217 0.893288 0.054245 0.038698
1 0.843003 0.936078 0.054245 0.037953
1 0.886635 0.893660 0.035377 0.039442
1 0.928027 0.931613 0.048349 0.033488
1 0.927241 0.894032 0.045204 0.040186
1 0.961635 0.892544 0.018868 0.032744
1 0.963208 0.929009 0.022013 0.031256
1 0.983844 0.892916 0.022406 0.037953
1 0.985417 0.927892 0.022406 0.029023
2 0.734237 0.706126 0.056997 0.036465
2 0.786910 0.705754 0.048349 0.038698
2 0.838797 0.706870 0.054638 0.037953
2 0.881447 0.710219 0.030660 0.037209
2 0.921344 0.712823 0.046777 0.034977
2 0.957311 0.714312 0.018868 0.036465
2 0.979914 0.715800 0.023192 0.033488
2 0.733844 0.742219 0.056211 0.038698
2 0.786910 0.742591 0.049921 0.039442
2 0.838208 0.742963 0.053459 0.038698
2 0.882233 0.748172 0.035377 0.035721
2 0.923113 0.748172 0.049528 0.034232
2 0.958491 0.749288 0.022799 0.033488
2 0.982272 0.750032 0.025550 0.033488
2 0.734631 0.779800 0.055425 0.033488
2 0.787303 0.781660 0.050708 0.035721
2 0.839583 0.782032 0.053852 0.037953
2 0.882233 0.784265 0.033805 0.036465
2 0.923703 0.784637 0.049135 0.035721
2 0.959277 0.785381 0.022799 0.034232
2 0.982665 0.784265 0.026336 0.033488
2 0.983648 0.821474 0.025157 0.027535
2 0.984041 0.856823 0.025157 0.035721
2 0.960259 0.820358 0.023978 0.035721
2 0.923506 0.818497 0.048742 0.032000
2 0.882822 0.820358 0.032626 0.034232
2 0.838994 0.817753 0.055031 0.033488
2 0.787500 0.817009 0.051887 0.034977
2 0.734237 0.817009 0.055425 0.036465
2 0.733058 0.856451 0.054638 0.036465
2 0.786517 0.855707 0.050708 0.040930
2 0.840959 0.856079 0.054245 0.043163
2 0.885967 0.859055 0.033412 0.041674
2 0.926454 0.857939 0.045204 0.039442
2 0.961242 0.858311 0.020440 0.041674
2 0.885967 0.931613 0.035770 0.039442
0 0.660657 0.739186 0.028860 0.038776
0 0.689517 0.776786 0.035688 0.037601
0 0.657864 0.777668 0.030102 0.037013
0 0.616435 0.777668 0.058962 0.039363
0 0.616590 0.817619 0.059273 0.035838
0 0.556387 0.776786 0.062376 0.038776
0 0.555921 0.816150 0.062066 0.041126
0 0.555611 0.856688 0.063307 0.039951
0 0.659415 0.896933 0.028860 0.041713
0 0.691379 0.896639 0.035067 0.043476
0 0.690603 0.935415 0.035377 0.037601
0 0.659105 0.937178 0.030722 0.038776
0 0.615194 0.898402 0.058342 0.038776
0 0.614883 0.940997 0.057100 0.042888
0 0.555300 0.896052 0.063307 0.039951
0 0.554369 0.938353 0.062686 0.039951
0 0.506765 0.775670 0.037239 0.042888
0 0.507386 0.814446 0.038481 0.041713
0 0.506300 0.855866 0.036929 0.042301
0 0.504903 0.896698 0.039101 0.041713
0 0.505214 0.935768 0.042205 0.047001
0 0.470146 0.812684 0.040963 0.042888
0 0.469060 0.855278 0.041894 0.043476
0 0.467198 0.897579 0.038791 0.043476
0 0.422356 0.772733 0.063307 0.041713
0 0.420029 0.813859 0.061135 0.038188
0 0.418787 0.854691 0.059273 0.042301
0 0.418322 0.895817 0.061445 0.044651
0 0.467819 0.936355 0.038170 0.045826
0 0.417391 0.937236 0.062686 0.038188
0 0.378445 0.693418 0.032584 0.042888
0 0.348033 0.692831 0.031343 0.040538
0 0.346015 0.734250 0.036619 0.039951
0 0.378755 0.732488 0.030102 0.041126
0 0.377358 0.772439 0.030412 0.041126
0 0.375652 0.814740 0.030722 0.037601
0 0.344774 0.812390 0.035998 0.042301
0 0.374100 0.852634 0.030722 0.041713
0 0.372859 0.894935 0.032584 0.040538
0 0.372393 0.937236 0.032895 0.040538
0 0.341764 0.852869 0.036929 0.041713
0 0.340057 0.895170 0.036619 0.041713
0 0.338350 0.936884 0.037550 0.040538
0 0.274268 0.935415 0.036619 0.038776
0 0.276905 0.890764 0.036929 0.036426
0 0.281871 0.848757 0.033826 0.035838
0 0.280009 0.808806 0.042515 0.039363
0 0.281405 0.772674 0.040343 0.035251
0 0.231008 0.891587 0.054618 0.042301
0 0.228836 0.934181 0.058342 0.039363
0 0.179649 0.767915 0.062997 0.042888
0 0.176856 0.810216 0.063617 0.040538
0 0.175770 0.852223 0.064548 0.043476
0 0.173597 0.893055 0.063928 0.038188
0 0.172201 0.932713 0.059893 0.038776
0 0.129096 0.767327 0.039101 0.041713
0 0.084564 0.765859 0.049342 0.039951
0 0.126459 0.809041 0.038170 0.041713
0 0.084409 0.805810 0.045308 0.036426
0 0.125217 0.848404 0.036308 0.034663
0 0.085340 0.843410 0.043446 0.035251
0 0.087202 0.883361 0.039722 0.039951
0 0.123666 0.889236 0.036929 0.042301
0 0.125528 0.928600 0.035067 0.035251
0 0.089219 0.920375 0.038170 0.047001
1 0.304880 0.937419 0.032958 0.051520