2 0.116883 0.307149 0.040584 0.077141
2 0.159091 0.304326 0.047078 0.086548
2 0.198458 0.298682 0.031656 0.067733
2 0.246753 0.296800 0.069805 0.082785
2 0.102273 0.381467 0.038961 0.067733
2 0.149756 0.387111 0.051136 0.056444
2 0.187906 0.364534 0.036526 0.082785
2 0.239042 0.375822 0.067370 0.086548
2 0.089286 0.449200 0.040584 0.071496
2 0.136769 0.454845 0.054383 0.071496
2 0.176136 0.446378 0.037338 0.073378
2 0.230519 0.451082 0.066558 0.071496
2 0.076705 0.523518 0.052760 0.080904
2 0.123782 0.529163 0.056006 0.073378
2 0.165990 0.531985 0.041396 0.079022
2 0.221997 0.529163 0.073864 0.080904
2 0.397727 0.277045 0.066558 0.069615
2 0.391640 0.359830 0.073864 0.080904
2 0.388393 0.436030 0.075487 0.079022
2 0.380276 0.519756 0.080357 0.088429
2 0.564529 0.254467 0.043019 0.095955
2 0.564529 0.343837 0.049513 0.082785
2 0.566153 0.423800 0.047890 0.084666
2 0.570211 0.520696 0.049513 0.097837
2 0.374594 0.614770 0.083604 0.105363
2 0.568182 0.625118 0.055195 0.103481
2 0.620130 0.105831 0.060065 0.095955
2 0.683442 0.096423 0.064935 0.107244
2 0.748782 0.081371 0.062500 0.114770
2 0.838474 0.078549 0.137987 0.109126
2 0.927760 0.044919 0.073052 0.089838
2 0.629464 0.204608 0.067370 0.097837
2 0.690747 0.193319 0.066558 0.090311
2 0.749188 0.182030 0.064935 0.094074
2 0.842938 0.175445 0.145292 0.095955
2 0.943994 0.162275 0.081169 0.114770
2 0.627435 0.309971 0.074675 0.116652
2 0.635958 0.433208 0.073864 0.133585
2 0.698458 0.296800 0.068994 0.116652
2 0.706981 0.429445 0.071429 0.133585
2 0.765016 0.294919 0.078734 0.120415
2 0.866071 0.293037 0.154221 0.116652
2 0.773945 0.410630 0.083604 0.144874
2 0.881899 0.412511 0.148539 0.137348
2 0.637581 0.563970 0.081981 0.135466
2 0.720373 0.567733 0.075487 0.131703
2 0.793425 0.560207 0.080357 0.131703
2 0.904221 0.559267 0.167208 0.148637
1 0.303166 0.286452 0.043019 0.069615
1 0.346997 0.284571 0.043019 0.073378
1 0.292614 0.372060 0.039773 0.086548
1 0.337662 0.361711 0.043831 0.080904
1 0.286120 0.447319 0.052760 0.063970
1 0.336851 0.443556 0.047078 0.079022
1 0.275974 0.524459 0.048701 0.079022
1 0.328328 0.521637 0.052760 0.077141
1 0.320211 0.614770 0.044643 0.090311
1 0.273539 0.611948 0.064935 0.088429
1 0.213474 0.610066 0.082792 0.084666
1 0.152192 0.613829 0.049513 0.069615
2 0.447240 0.622296 0.053571 0.105363
2 0.454140 0.430385 0.051136 0.075259
2 0.447240 0.516933 0.055195 0.086548
2 0.456575 0.356067 0.046266 0.077141
2 0.454140 0.267638 0.057630 0.080904