0 0.074651 0.447553 0.125490 0.037698
0 0.184669 0.447222 0.097985 0.035714
0 0.323912 0.448214 0.183937 0.039021
0 0.474328 0.448876 0.120333 0.036376
0 0.629042 0.450860 0.185656 0.039021
0 0.792351 0.451521 0.137523 0.037698
0 0.911824 0.453175 0.094547 0.034392
0 0.075510 0.483267 0.123771 0.033730
0 0.187248 0.484259 0.099704 0.034392
0 0.328209 0.484590 0.175342 0.035053
0 0.479485 0.484921 0.120333 0.034392
0 0.633339 0.486905 0.180499 0.033069
0 0.796648 0.487235 0.139242 0.035053
0 0.916121 0.488558 0.096266 0.036376
0 0.072072 0.516997 0.120333 0.029762
0 0.189827 0.517989 0.104862 0.031746
0 0.329069 0.518981 0.177061 0.035053
0 0.480345 0.519643 0.125490 0.033730
0 0.637637 0.520304 0.189095 0.035053
0 0.800086 0.521958 0.132366 0.034392
0 0.917841 0.521958 0.103142 0.033069
0 0.073791 0.550397 0.120333 0.035714
0 0.190686 0.552050 0.106581 0.033730
0 0.329928 0.552712 0.182218 0.032407
0 0.484642 0.553704 0.130647 0.034392
0 0.635918 0.554365 0.178780 0.033069
0 0.795789 0.555026 0.140961 0.033069
0 0.917841 0.555026 0.103142 0.031746
0 0.074651 0.584458 0.132366 0.031085
0 0.188108 0.585119 0.104862 0.031085
0 0.329928 0.585450 0.178780 0.033069
0 0.482923 0.586772 0.127209 0.031746
0 0.636777 0.586442 0.187375 0.031085
0 0.798367 0.588426 0.139242 0.032407
0 0.921279 0.590079 0.103142 0.034392
0 0.075510 0.617857 0.134085 0.033069
0 0.194984 0.618188 0.104862 0.033730
0 0.335086 0.618519 0.168466 0.031746
0 0.482064 0.620503 0.122052 0.031746
0 0.635058 0.619841 0.183937 0.034392
0 0.795789 0.622487 0.140961 0.035714
0 0.921279 0.622817 0.110019 0.033730
0 0.075510 0.651918 0.137523 0.035053
0 0.075510 0.687302 0.137523 0.033069
0 0.073791 0.722355 0.140961 0.034392
0 0.074651 0.755754 0.135804 0.032407
0 0.077229 0.789484 0.140961 0.035053
0 0.078948 0.825198 0.144399 0.035053
0 0.078089 0.858598 0.135804 0.031746
0 0.079808 0.892659 0.142680 0.033730
0 0.191546 0.653571 0.097985 0.035714
0 0.194984 0.687963 0.101423 0.033069
0 0.194984 0.721693 0.101423 0.034392
0 0.191546 0.756415 0.091109 0.033730
0 0.195843 0.791138 0.089390 0.033069
0 0.198422 0.825661 0.097985 0.034392
0 0.195843 0.858069 0.096266 0.030423
0 0.200141 0.892130 0.094547 0.033730
0 0.334226 0.654696 0.180499 0.036376
0 0.334226 0.687434 0.170185 0.033069
0 0.335945 0.721495 0.173623 0.033730
0 0.334226 0.756548 0.187375 0.035053
0 0.332507 0.791931 0.180499 0.033069
0 0.334226 0.824339 0.173623 0.033069
0 0.339383 0.857738 0.183937 0.033730
0 0.341102 0.891138 0.183937 0.030423
0 0.486361 0.655357 0.116895 0.035053
0 0.483783 0.686442 0.118614 0.032407
0 0.483783 0.722487 0.125490 0.034392
0 0.488080 0.755556 0.123771 0.031746
0 0.487221 0.790939 0.115176 0.033730
0 0.487221 0.825661 0.128928 0.034392
0 0.488940 0.858399 0.122052 0.032407
0 0.494956 0.892460 0.123771 0.033069
0 0.635574 0.655357 0.185656 0.033730
0 0.632136 0.689418 0.178780 0.031746
0 0.638153 0.723148 0.183937 0.033069
0 0.639872 0.756878 0.180499 0.034392
0 0.640731 0.791601 0.185656 0.035053
0 0.640731 0.825661 0.178780 0.034392
0 0.639012 0.859061 0.168466 0.031085
0 0.648467 0.892791 0.177061 0.032407
0 0.797164 0.655357 0.140961 0.031085
0 0.794585 0.690410 0.142680 0.036376
0 0.796304 0.724140 0.139242 0.033730
0 0.798883 0.758532 0.144399 0.037698
0 0.807478 0.792262 0.140961 0.029762
0 0.800602 0.825331 0.140961 0.033730
0 0.803180 0.857738 0.142680 0.035053
0 0.801461 0.894444 0.132366 0.034392
0 0.918356 0.655688 0.104862 0.033069
0 0.920075 0.689749 0.101423 0.032407
0 0.926092 0.722817 0.113457 0.029762
0 0.924373 0.757209 0.099704 0.033730
0 0.927811 0.792593 0.099704 0.031746
0 0.926092 0.825661 0.099704 0.033069
0 0.929530 0.858730 0.113457 0.031746
0 0.926951 0.893122 0.118614 0.033069
2 0.080537 0.927009 0.145044 0.033482
2 0.197297 0.925614 0.091378 0.031808
2 0.339441 0.924777 0.178404 0.033482
2 0.488111 0.927009 0.116035 0.033482
2 0.638232 0.924777 0.181305 0.032366
2 0.802857 0.925056 0.136341 0.032924
2 0.931221 0.924498 0.117486 0.029576
2 0.930495 0.961049 0.116035 0.032366
2 0.802131 0.958259 0.131990 0.033482
2 0.638957 0.957422 0.182756 0.031808
2 0.484485 0.960491 0.117486 0.033482
2 0.335089 0.959375 0.169702 0.033482
2 0.198023 0.959654 0.095729 0.035156
2 0.079087 0.959375 0.142143 0.031250