2 0.282105 0.181331 0.028575 0.047078
2 0.282375 0.228003 0.034506 0.046266
2 0.282914 0.275081 0.034506 0.049513
2 0.283453 0.319318 0.031271 0.042208
2 0.282914 0.362744 0.032349 0.044643
1 0.313107 0.178084 0.031271 0.043831
1 0.313646 0.223539 0.032349 0.043831
1 0.314724 0.270211 0.032349 0.044643
1 0.315533 0.314448 0.035045 0.047078
1 0.315263 0.361932 0.034506 0.044643
1 0.358665 0.174432 0.059847 0.044643
1 0.359205 0.221104 0.059847 0.042208
1 0.358665 0.267370 0.063081 0.045455
1 0.361631 0.312825 0.059307 0.043831
1 0.362440 0.356250 0.059847 0.039773
1 0.421208 0.169562 0.063081 0.039773
1 0.420129 0.215828 0.067395 0.046266
1 0.423364 0.263312 0.067395 0.042208
1 0.422556 0.310390 0.065777 0.045455
1 0.422556 0.354221 0.066856 0.042208
1 0.470810 0.168344 0.038280 0.047078
1 0.471080 0.212581 0.037741 0.039773
1 0.472697 0.259334 0.036663 0.051136
1 0.471619 0.306818 0.037741 0.042208
1 0.474854 0.350244 0.035584 0.044643
1 0.023848 0.424919 0.017792 0.041396
1 0.024657 0.470779 0.017253 0.045455
1 0.024657 0.517857 0.016175 0.042208
1 0.024927 0.562906 0.015636 0.044643
1 0.026275 0.606331 0.017253 0.042208
1 0.030318 0.862175 0.021027 0.029221
1 0.075068 0.860958 0.067395 0.026786
1 0.072912 0.823620 0.069551 0.043019
1 0.071834 0.776948 0.068473 0.048701
1 0.070216 0.732711 0.069551 0.044643
1 0.070216 0.689692 0.069551 0.047890
1 0.069946 0.642208 0.069012 0.050325
1 0.067790 0.598620 0.067934 0.044643
1 0.067520 0.553734 0.068473 0.051948
1 0.066172 0.505438 0.069012 0.044643
1 0.067520 0.463636 0.068473 0.047078
1 0.066712 0.418588 0.069012 0.046266
1 0.135185 0.417370 0.061464 0.045455
1 0.135185 0.464854 0.063621 0.039773
1 0.134645 0.508279 0.064699 0.037338
1 0.185326 0.413718 0.036663 0.041396
1 0.219293 0.411282 0.026958 0.039773
1 0.250564 0.409659 0.036663 0.041396
1 0.285340 0.409253 0.035045 0.040584
1 0.316611 0.405195 0.030732 0.040584
1 0.362170 0.402354 0.059307 0.044643
1 0.422502 0.398295 0.064160 0.044643
1 0.476148 0.394237 0.043133 0.046266
1 0.185704 0.461607 0.038280 0.043019
1 0.221288 0.457549 0.028575 0.043019
1 0.253368 0.456737 0.037741 0.047890
1 0.286257 0.450649 0.034506 0.042208
1 0.319145 0.449432 0.030193 0.041396
1 0.364434 0.446185 0.059307 0.047890
1 0.424335 0.445373 0.064160 0.043019
1 0.476094 0.440503 0.041515 0.044643
1 0.135993 0.600568 0.066316 0.038149
1 0.187483 0.506818 0.040976 0.042208
1 0.188022 0.550649 0.037741 0.038961
1 0.188292 0.597727 0.033967 0.040584
1 0.219563 0.594075 0.028575 0.034903
1 0.219832 0.501136 0.030193 0.040584
1 0.222259 0.549026 0.033967 0.047078
1 0.253530 0.501136 0.033967 0.042208
1 0.287766 0.497484 0.038819 0.044643
1 0.316611 0.495049 0.031810 0.044643
1 0.362601 0.493425 0.060386 0.043019
1 0.424335 0.489367 0.065238 0.041396
1 0.477981 0.488555 0.044211 0.046266
1 0.250457 0.545779 0.032349 0.042208
1 0.286041 0.542127 0.036663 0.038149
1 0.318660 0.541315 0.030732 0.041396
1 0.361793 0.536851 0.060925 0.043831
1 0.424874 0.532386 0.070630 0.043019
1 0.476903 0.531575 0.043133 0.044643
1 0.251265 0.589610 0.038280 0.045455
1 0.286850 0.585958 0.038280 0.046266
1 0.318390 0.584740 0.038819 0.048701
1 0.364488 0.582305 0.060925 0.047078
1 0.425144 0.579058 0.066856 0.047078
1 0.476633 0.574188 0.044750 0.047078
1 0.284693 0.633036 0.040437 0.041396
1 0.320008 0.632630 0.028036 0.045455
1 0.366375 0.630195 0.057151 0.047078
1 0.429457 0.628571 0.062542 0.045455
1 0.479059 0.623701 0.036663 0.042208
1 0.289276 0.678896 0.040976 0.042208
1 0.290354 0.726380 0.040976 0.043019
1 0.289815 0.769805 0.037741 0.042208
1 0.292511 0.816071 0.038819 0.045455
1 0.321356 0.677273 0.028575 0.040584
1 0.320547 0.723133 0.030193 0.044643
1 0.321895 0.769399 0.032889 0.047890
1 0.323243 0.816071 0.033428 0.045455
1 0.363949 0.674432 0.064160 0.041396
1 0.365567 0.718669 0.064160 0.047078
1 0.367184 0.763718 0.062003 0.047890
1 0.366915 0.813231 0.061464 0.044643
1 0.427031 0.672403 0.064160 0.042208
1 0.429457 0.715828 0.062542 0.047890
1 0.429726 0.762906 0.066316 0.043019
1 0.431074 0.811201 0.067934 0.043831
1 0.478243 0.813776 0.030501 0.048469
1 0.476972 0.757972 0.031348 0.044005
1 0.478243 0.713967 0.035584 0.042730
1 0.477819 0.669005 0.036432 0.048469
0 0.136949 0.644180 0.065018 0.048942
0 0.135191 0.689153 0.060625 0.039683
0 0.137827 0.733135 0.063261 0.044312
0 0.138925 0.777778 0.066336 0.044974
0 0.139365 0.822090 0.063700 0.041005
0 0.187030 0.640212 0.038660 0.042328
0 0.188348 0.685185 0.039538 0.047619
0 0.189227 0.730820 0.039538 0.044974
0 0.190764 0.774471 0.034706 0.039683
0 0.191863 0.822090 0.037781 0.046296
0 0.220418 0.637897 0.028116 0.045635
0 0.221516 0.683532 0.030313 0.042989
0 0.223054 0.729828 0.027237 0.041667
0 0.223493 0.773479 0.027237 0.042989
0 0.225251 0.819775 0.028995 0.042989
0 0.256442 0.819114 0.033388 0.045635
0 0.254904 0.772487 0.036463 0.047619
0 0.254685 0.726521 0.033388 0.041667
0 0.253806 0.680886 0.034266 0.044312
0 0.253586 0.636905 0.035584 0.044974
0 0.025981 0.823073 0.026532 0.044643
0 0.025512 0.777491 0.025596 0.046523
0 0.023796 0.734492 0.026532 0.040414
0 0.021767 0.692904 0.024972 0.039004
0 0.021298 0.650611 0.025908 0.041823
2 0.141563 0.859896 0.064744 0.031994
2 0.191480 0.862128 0.036079 0.030506
2 0.225582 0.860640 0.033113 0.030506
2 0.258942 0.856548 0.032619 0.028274
2 0.294774 0.855804 0.036079 0.029762
2 0.324427 0.853571 0.027183 0.023810
2 0.372862 0.852455 0.064744 0.030506
2 0.432169 0.847619 0.051894 0.028274
2 0.043113 0.927232 0.030148 0.052083
2 0.082651 0.930952 0.026194 0.046131
2 0.107610 0.927604 0.026688 0.052827
2 0.142947 0.922396 0.032125 0.058780
2 0.194100 0.921652 0.073146 0.063244
2 0.265516 0.917932 0.072652 0.064732
2 0.324576 0.914955 0.041515 0.061756
2 0.366091 0.914211 0.043492 0.058780
2 0.419715 0.910491 0.061778 0.060268
1 0.520052 0.051222 0.046822 0.055451
1 0.572493 0.049812 0.058059 0.056391
1 0.640852 0.043233 0.074915 0.056391
1 0.705466 0.039474 0.054313 0.058271
1 0.769768 0.031485 0.073042 0.055451
1 0.824081 0.026786 0.041827 0.053571
1 0.874024 0.026316 0.051816 0.052632
1 0.520677 0.109023 0.049319 0.052632
1 0.574678 0.107613 0.057434 0.051692
1 0.643037 0.101034 0.081782 0.046053
1 0.707339 0.095865 0.053064 0.048872
1 0.771328 0.088816 0.073666 0.055451
1 0.827826 0.085996 0.044324 0.061090
1 0.876521 0.079417 0.053064 0.061090
1 0.522862 0.164474 0.047446 0.052632
1 0.575302 0.162124 0.063677 0.055451
1 0.644598 0.152726 0.072417 0.057331
1 0.707963 0.150376 0.056810 0.060150
1 0.769143 0.145677 0.069296 0.058271
1 0.826578 0.140038 0.049319 0.054511
1 0.875897 0.137218 0.051816 0.056391
1 0.522862 0.218515 0.043700 0.051692
1 0.574678 0.219925 0.062429 0.052632
1 0.644995 0.213000 0.074490 0.054286
1 0.708572 0.209071 0.059307 0.055000
1 0.772150 0.202286 0.070694 0.054286
1 0.826855 0.198000 0.044599 0.061429
1 0.877859 0.194429 0.055512 0.055714
1 0.524909 0.274786 0.047446 0.055000
1 0.577337 0.273714 0.061205 0.055714
1 0.645896 0.269429 0.075913 0.054286
1 0.708430 0.265143 0.052190 0.054286
1 0.770821 0.260857 0.072592 0.051429
1 0.829654 0.256214 0.042227 0.053571
1 0.877812 0.252643 0.051242 0.050714
1 0.525147 0.333714 0.046023 0.057143
1 0.575439 0.331214 0.055512 0.055000
1 0.644710 0.325500 0.076388 0.053571
1 0.709616 0.320143 0.051716 0.055714
1 0.772482 0.314071 0.074965 0.053571
1 0.829559 0.313357 0.040329 0.050714
1 0.877243 0.308357 0.053139 0.052143
1 0.526523 0.391071 0.045548 0.050714
1 0.579425 0.386786 0.064052 0.053571
1 0.644426 0.381786 0.079235 0.055000
1 0.709759 0.376429 0.052190 0.055714
1 0.773194 0.372857 0.074490 0.058571
1 0.830366 0.368929 0.043650 0.057857
1 0.877575 0.365714 0.052665 0.051429
1 0.526807 0.445071 0.040803 0.054143
1 0.578761 0.441929 0.057410 0.053571
1 0.648032 0.438714 0.081132 0.054286
1 0.710897 0.434071 0.054088 0.055000
1 0.760905 0.428714 0.043650 0.052857
1 0.833213 0.429071 0.043650 0.053571
1 0.880184 0.425143 0.052190 0.057143
1 0.796205 0.433000 0.026570 0.057143
1 0.529227 0.501571 0.043176 0.055714
1 0.580231 0.496571 0.058833 0.052857
1 0.649502 0.497286 0.075913 0.057143
1 0.712605 0.490143 0.048395 0.052857
1 0.773811 0.485857 0.074016 0.052857
1 0.833592 0.484429 0.048395 0.057143
1 0.883173 0.479786 0.048869 0.053571
0 0.528942 0.560143 0.046023 0.060000
0 0.580658 0.554429 0.060256 0.057143
0 0.648743 0.553714 0.078760 0.057143
0 0.713697 0.550857 0.048869 0.058571
0 0.774522 0.546571 0.077337 0.055714
0 0.833592 0.542286 0.042701 0.055714
0 0.528942 0.618714 0.046971 0.052857
0 0.580658 0.612643 0.056461 0.053571
0 0.648506 0.610857 0.076388 0.051429
0 0.713981 0.608000 0.052665 0.051429
0 0.777132 0.603714 0.074016 0.054286
0 0.835490 0.599786 0.041752 0.057857
0 0.884122 0.601214 0.054563 0.055000
0 0.529322 0.675643 0.046971 0.057857
0 0.582936 0.671000 0.053614 0.061429
0 0.649597 0.666000 0.075913 0.057143
0 0.714598 0.667071 0.051242 0.056429
0 0.777843 0.663857 0.073541 0.058571
0 0.835727 0.661000 0.042227 0.057143
0 0.884359 0.657786 0.053139 0.053571
0 0.530366 0.731000 0.046023 0.052857
0 0.583031 0.731000 0.063103 0.055714
0 0.650167 0.724571 0.080658 0.058571
0 0.715120 0.724929 0.050767 0.059286
0 0.778935 0.722071 0.075913 0.053571
0 0.836819 0.717429 0.043650 0.058571
0 0.884739 0.716357 0.052190 0.059286
0 0.716259 0.783357 0.054563 0.053571
0 0.778413 0.776929 0.075439 0.056429
0 0.837151 0.775143 0.046023 0.055714
0 0.886020 0.776214 0.050767 0.056429
0 0.884597 0.834429 0.053614 0.052857
0 0.838100 0.834429 0.039380 0.054286
1 0.650321 0.781399 0.073640 0.056548
1 0.583848 0.786235 0.060296 0.057292
1 0.532448 0.786979 0.044481 0.057292
1 0.533684 0.849851 0.040032 0.056548
1 0.585330 0.846503 0.064250 0.063244
1 0.654522 0.840179 0.075123 0.056548
1 0.782083 0.836458 0.073640 0.056548
1 0.974832 0.322545 0.032125 0.040923
1 0.974584 0.373884 0.036573 0.039435
1 0.977550 0.426339 0.035584 0.041667
1 0.977303 0.474330 0.039044 0.043899
1 0.977303 0.523437 0.038056 0.048363
1 0.979280 0.573289 0.036079 0.046875
1 0.979774 0.626488 0.038056 0.049107
1 0.981009 0.676339 0.035584 0.050595
1 0.981257 0.728051 0.035090 0.046875
1 0.982245 0.781920 0.033113 0.054315
1 0.984821 0.835863 0.030358 0.049107
1 0.881778 0.543793 0.050835 0.060374
1 0.534839 0.906569 0.046599 0.049107
1 0.586521 0.903380 0.055918 0.050383
1 0.637356 0.897321 0.038126 0.054847