2 0.045455 0.518527 0.029221 0.046316
2 0.072646 0.517755 0.028409 0.047860
2 0.111201 0.517755 0.050325 0.050948
2 0.150974 0.516983 0.029221 0.040141
2 0.191964 0.515439 0.052760 0.043229
2 0.235795 0.517755 0.038149 0.038597
2 0.272727 0.517755 0.030844 0.044773
2 0.041396 0.559439 0.030844 0.038597
2 0.068994 0.563299 0.025974 0.037053
2 0.105925 0.560983 0.047890 0.041685
2 0.147727 0.561755 0.032468 0.040141
2 0.189935 0.560211 0.053571 0.043229
2 0.234578 0.559439 0.034091 0.041685
2 0.268263 0.561755 0.033279 0.040141
2 0.051136 0.602668 0.053571 0.044773
2 0.102273 0.602668 0.048701 0.038597
2 0.142857 0.602668 0.035714 0.038597
2 0.187906 0.603440 0.046266 0.043229
2 0.231331 0.600352 0.040584 0.040141
2 0.265016 0.602668 0.030032 0.038597
2 0.034903 0.648985 0.030844 0.035509
2 0.061688 0.647441 0.024351 0.038597
2 0.099432 0.646669 0.047890 0.043229
2 0.140422 0.644353 0.038961 0.044773
2 0.183847 0.648213 0.056006 0.040141
2 0.228084 0.644353 0.037338 0.044773
2 0.262581 0.642037 0.031656 0.040141
2 0.032062 0.691441 0.033279 0.037053
2 0.057630 0.689897 0.025974 0.046316
2 0.094562 0.691441 0.047890 0.043229
2 0.135958 0.691441 0.038149 0.040141
2 0.181412 0.695301 0.051136 0.044773
2 0.226867 0.692985 0.039773 0.043229
2 0.263393 0.689125 0.033279 0.047860
2 0.041802 0.733126 0.052760 0.046316
2 0.094562 0.736214 0.044643 0.043229
2 0.135958 0.735442 0.039773 0.035509
2 0.178571 0.737758 0.051948 0.040141
2 0.223620 0.734670 0.043019 0.046316
2 0.259334 0.733898 0.031656 0.044773
2 0.039367 0.777899 0.051136 0.046316
2 0.086851 0.777127 0.043831 0.054036
2 0.129058 0.780214 0.040584 0.050948
2 0.177354 0.780214 0.052760 0.050948
2 0.222403 0.782530 0.042208 0.049404
2 0.256899 0.783302 0.033279 0.054036
2 0.038961 0.828075 0.050325 0.047860
2 0.035308 0.872075 0.051136 0.040141
2 0.086851 0.831934 0.045455 0.040141
2 0.083198 0.874391 0.043019 0.047860
2 0.128653 0.831934 0.034903 0.046316
2 0.121347 0.872847 0.033279 0.044773
2 0.171266 0.830391 0.053571 0.046316
2 0.219562 0.831934 0.043019 0.046316
2 0.255682 0.829619 0.029221 0.041685
2 0.165990 0.875935 0.057630 0.050948
2 0.217532 0.878251 0.042208 0.043229
2 0.252841 0.876707 0.031656 0.046316
2 0.034497 0.921480 0.047890 0.061755
2 0.081575 0.933831 0.039773 0.061755
2 0.119318 0.932287 0.030844 0.058667
2 0.149351 0.933831 0.024351 0.064843
2 0.174919 0.934603 0.026786 0.072562
2 0.209821 0.936918 0.038149 0.055580
2 0.247971 0.941550 0.033279 0.058667
2 0.741883 0.357191 0.032468 0.035509
2 0.743506 0.398876 0.030844 0.044773
2 0.745942 0.443648 0.027597 0.038597
2 0.747565 0.484561 0.027597 0.037053
2 0.747565 0.524702 0.029221 0.037053
2 0.747565 0.564071 0.029221 0.041685
2 0.750000 0.604984 0.029221 0.040141
2 0.752029 0.645897 0.026786 0.035509
2 0.780844 0.647441 0.025974 0.041685
2 0.778815 0.605756 0.021916 0.041685
2 0.775974 0.562527 0.024351 0.038597
2 0.776380 0.524702 0.025162 0.037053
2 0.773945 0.484561 0.021916 0.046316
2 0.771510 0.445964 0.025162 0.049404
2 0.769481 0.401964 0.025974 0.041685
2 0.770292 0.363366 0.021104 0.041685
2 0.803571 0.367998 0.047078 0.041685
2 0.805195 0.409683 0.047078 0.035509
2 0.806818 0.444420 0.043831 0.037053
2 0.808847 0.486105 0.044643 0.043229
2 0.812094 0.527790 0.044643 0.033965
2 0.811688 0.561755 0.043831 0.046316
2 0.814529 0.608072 0.047890 0.043229
2 0.815747 0.647441 0.048701 0.041685
2 0.842127 0.367998 0.028409 0.047860
2 0.843344 0.407367 0.029221 0.046316
2 0.844562 0.450596 0.030032 0.037053
2 0.846997 0.493053 0.030032 0.032422
2 0.850649 0.534737 0.029221 0.038597
2 0.850244 0.567931 0.031656 0.049404
2 0.855925 0.614247 0.023539 0.027790
2 0.852273 0.648985 0.030844 0.047860
2 0.880276 0.367998 0.044643 0.047860
2 0.879870 0.407367 0.045455 0.052492
2 0.881088 0.450596 0.046266 0.046316
2 0.883929 0.488421 0.043831 0.038597
2 0.888393 0.525474 0.046266 0.038597
2 0.889205 0.567159 0.049513 0.047860
2 0.891234 0.612703 0.048701 0.043229
2 0.894075 0.657476 0.046266 0.037053
2 0.919237 0.373402 0.031656 0.040141
2 0.920455 0.411227 0.032468 0.044773
2 0.922484 0.451368 0.033279 0.038597
2 0.924513 0.493824 0.032468 0.043229
2 0.927760 0.533965 0.032468 0.040141
2 0.931412 0.571790 0.031656 0.038597
2 0.931412 0.614247 0.033279 0.046316
2 0.931818 0.650528 0.034091 0.038597
2 0.948864 0.379577 0.024351 0.043229
2 0.949675 0.420490 0.025974 0.035509
2 0.953328 0.463719 0.026786 0.044773
2 0.954951 0.499228 0.026786 0.035509
2 0.956575 0.537053 0.025162 0.043229
2 0.960227 0.575650 0.025974 0.043229
2 0.961445 0.616563 0.025162 0.038597
2 0.962256 0.654388 0.026786 0.040141
1 0.752435 0.693757 0.035714 0.047860
1 0.782873 0.694529 0.025162 0.043229
1 0.818182 0.693757 0.051948 0.038597
1 0.857955 0.695301 0.034091 0.041685
1 0.896104 0.698389 0.045455 0.035509
1 0.936688 0.696073 0.037338 0.037053
1 0.965503 0.699161 0.025162 0.033965
1 0.755276 0.742389 0.034903 0.037053
1 0.755513 0.782015 0.034429 0.045285
1 0.758929 0.831163 0.034091 0.038597
1 0.762581 0.881339 0.031656 0.037053
1 0.785714 0.739302 0.024351 0.040141
1 0.787744 0.782530 0.021916 0.033965
1 0.790179 0.832706 0.023539 0.032422
1 0.792614 0.877479 0.021916 0.026246
1 0.822240 0.742389 0.048701 0.040141
1 0.823458 0.783302 0.046266 0.038597
1 0.825081 0.824987 0.046266 0.041685
1 0.827922 0.875163 0.045455 0.040141
1 0.861201 0.737758 0.027597 0.033965
1 0.863231 0.784846 0.028409 0.038597
1 0.864448 0.827303 0.032468 0.037053
1 0.866883 0.871303 0.029221 0.038597
1 0.898945 0.740074 0.041396 0.038597
1 0.900568 0.784074 0.046266 0.040141
1 0.903409 0.825759 0.047078 0.043229
1 0.905844 0.870532 0.043831 0.040141
1 0.935471 0.739302 0.031656 0.033965
1 0.941558 0.777127 0.029221 0.038597
1 0.943994 0.821127 0.025974 0.027790
1 0.944399 0.866672 0.034903 0.041685
1 0.967127 0.734670 0.025162 0.033965
1 0.967938 0.778671 0.026786 0.041685
1 0.970373 0.820355 0.023539 0.041685
1 0.972403 0.864356 0.025974 0.040141
1 0.349650 0.691397 0.019356 0.020783
1 0.366821 0.692288 0.011239 0.019002
1 0.379308 0.693178 0.012488 0.019595
1 0.397103 0.693178 0.019980 0.017220
1 0.348558 0.729697 0.020292 0.017814
1 0.366196 0.731479 0.011863 0.019002
1 0.378684 0.733260 0.007493 0.013064
1 0.393201 0.732072 0.021541 0.016626
1 0.349026 0.749589 0.017483 0.016033
1 0.364635 0.751668 0.009990 0.014251
1 0.377747 0.751074 0.011239 0.014251
1 0.394449 0.753449 0.020292 0.015439
1 0.345904 0.770966 0.022478 0.014845
1 0.364791 0.770966 0.011551 0.016033
1 0.376499 0.770966 0.009366 0.018408
1 0.393201 0.770966 0.022165 0.014845
1 0.345748 0.788780 0.022165 0.019595
1 0.363543 0.789968 0.012800 0.019595
1 0.376811 0.792937 0.009990 0.016033
1 0.393513 0.792046 0.022165 0.019002
1 0.345280 0.809266 0.019980 0.019002
1 0.362762 0.811048 0.011239 0.017814
1 0.376499 0.812235 0.011863 0.020189
1 0.393981 0.811345 0.022478 0.018408
1 0.344968 0.831534 0.019980 0.018408
1 0.362294 0.832722 0.010927 0.014845
1 0.373533 0.831237 0.012800 0.020189
1 0.392420 0.832722 0.023726 0.017220
1 0.344031 0.852020 0.018107 0.017814
1 0.361670 0.851129 0.011551 0.017220
1 0.373064 0.849348 0.012488 0.018408
1 0.391796 0.853801 0.025599 0.019002
1 0.344187 0.871615 0.016546 0.019002
1 0.371503 0.871319 0.009990 0.019595
1 0.360265 0.872209 0.013736 0.020189
1 0.391796 0.873991 0.019980 0.016626
1 0.424888 0.689616 0.011863 0.016033
1 0.441434 0.691991 0.017483 0.014845
1 0.459072 0.691100 0.016546 0.017814
1 0.425200 0.732072 0.010614 0.015439
1 0.441746 0.732072 0.016858 0.015439
1 0.457823 0.731182 0.015297 0.016033
1 0.423951 0.768591 0.012488 0.018408
1 0.440497 0.770076 0.016234 0.017814
1 0.458604 0.769779 0.016858 0.018408
1 0.422078 0.792046 0.013736 0.015439
1 0.421610 0.808376 0.014048 0.019595
1 0.421766 0.830049 0.013736 0.019002
1 0.421454 0.852020 0.013112 0.019002
1 0.421141 0.870428 0.014985 0.021377
1 0.440029 0.791452 0.018419 0.019002
1 0.457823 0.791156 0.016546 0.019595
1 0.438624 0.811345 0.016858 0.019595
1 0.456575 0.810157 0.018419 0.019595
1 0.438624 0.830643 0.016234 0.017814
1 0.438156 0.851723 0.015922 0.018408
1 0.438468 0.872506 0.017795 0.018408
1 0.456887 0.830049 0.018419 0.021377
1 0.456106 0.848754 0.019356 0.019595
1 0.456106 0.871319 0.016858 0.018408
1 0.482330 0.671208 0.028721 0.020783
1 0.482642 0.692288 0.028721 0.019002
1 0.482174 0.712477 0.027160 0.015439
1 0.481862 0.731182 0.029033 0.018408
1 0.482018 0.750777 0.027473 0.018408
1 0.481706 0.769482 0.028097 0.019002
1 0.480769 0.790265 0.027473 0.020189
1 0.481081 0.809563 0.029346 0.021971
1 0.481394 0.830049 0.028097 0.019002
1 0.481706 0.850239 0.027473 0.020189
1 0.479989 0.872506 0.029033 0.020783
1 0.510583 0.690803 0.022165 0.017220
1 0.533529 0.690506 0.023726 0.019002
1 0.550855 0.690803 0.010302 0.017220
1 0.563343 0.691991 0.012800 0.016033
1 0.576611 0.693178 0.011239 0.016033
1 0.591752 0.692585 0.015922 0.016033
1 0.608766 0.689913 0.018107 0.017814
1 0.509022 0.729697 0.024663 0.019002
1 0.533841 0.731775 0.023102 0.018408
1 0.550699 0.731479 0.011239 0.017814
1 0.562719 0.730291 0.011551 0.017814
1 0.562094 0.710102 0.012175 0.022564
1 0.577079 0.712774 0.010927 0.017220
1 0.591440 0.712180 0.014048 0.020783
1 0.607674 0.710696 0.015922 0.016626
1 0.576611 0.729697 0.012488 0.019002
1 0.592532 0.729400 0.015609 0.017220
1 0.608454 0.727916 0.018107 0.020189
1 0.508710 0.770966 0.024663 0.019595
1 0.508866 0.789968 0.027473 0.019595
1 0.507773 0.810454 0.024038 0.020189
1 0.508398 0.831831 0.024663 0.021377
1 0.507461 0.850536 0.025287 0.019595
1 0.508398 0.871912 0.025287 0.018408
1 0.533529 0.770669 0.024975 0.022564
1 0.533997 0.791156 0.022165 0.018408
1 0.531968 0.810751 0.026848 0.018408
1 0.529627 0.826784 0.030282 0.026721
1 0.532905 0.852020 0.024975 0.026127
1 0.532436 0.872209 0.024038 0.022564
1 0.551168 0.769482 0.011551 0.020189
1 0.550699 0.788483 0.012488 0.020189
1 0.550543 0.810454 0.012175 0.020189
1 0.550855 0.830940 0.012175 0.020783
1 0.551011 0.849348 0.013112 0.021971
1 0.551324 0.872803 0.011863 0.020189
1 0.562562 0.770373 0.013112 0.018408
1 0.562875 0.792046 0.012488 0.017814
1 0.563499 0.812235 0.013112 0.021377
1 0.563499 0.832722 0.011863 0.016033
1 0.564123 0.848457 0.013112 0.021377
1 0.564279 0.869537 0.012175 0.018408
1 0.576143 0.770966 0.014048 0.021971
1 0.592689 0.769482 0.018419 0.021377
1 0.575518 0.790859 0.013424 0.020189
1 0.575830 0.808970 0.012800 0.017220
1 0.575206 0.828268 0.012175 0.020189
1 0.576923 0.849051 0.011239 0.021377
1 0.577079 0.872209 0.012175 0.020189
1 0.591284 0.789968 0.017483 0.019595
1 0.591440 0.808079 0.015922 0.017814
1 0.591908 0.829456 0.018107 0.022564
1 0.591128 0.849942 0.018419 0.019595
1 0.592689 0.870725 0.016546 0.017220
1 0.610015 0.770669 0.015609 0.020189
1 0.609547 0.788780 0.015922 0.019595
1 0.608142 0.809266 0.018107 0.022564
1 0.609859 0.830940 0.015297 0.019595
1 0.611576 0.851723 0.014985 0.019595
1 0.609547 0.870428 0.017170 0.019002
1 0.631400 0.671208 0.028409 0.025533
1 0.632649 0.694069 0.028409 0.023752
1 0.631088 0.712180 0.028409 0.019595
1 0.631712 0.731182 0.026536 0.018408
1 0.631868 0.748996 0.025599 0.018408
1 0.631556 0.768888 0.025599 0.022564
1 0.631088 0.785514 0.027160 0.020189
1 0.631712 0.806594 0.028409 0.021971
1 0.634210 0.827080 0.027160 0.019002
1 0.632961 0.848457 0.027785 0.020189
1 0.634053 0.869537 0.027473 0.021971
1 0.650287 0.711883 0.009366 0.011876
1 0.651380 0.729400 0.010302 0.014845
1 0.663243 0.733260 0.010927 0.020189
1 0.651068 0.771263 0.009678 0.017814
1 0.662150 0.769185 0.009990 0.019595
1 0.651692 0.791452 0.010302 0.019002
1 0.663711 0.791452 0.011863 0.017814
1 0.653253 0.810454 0.009678 0.015439
1 0.665272 0.810454 0.013736 0.019002
1 0.653253 0.831831 0.009053 0.015439
1 0.663867 0.831534 0.012175 0.016033
1 0.654502 0.850832 0.010927 0.014251
1 0.665584 0.852020 0.011863 0.016626
1 0.653409 0.869240 0.010614 0.017814
1 0.664180 0.867459 0.012800 0.019002
1 0.671165 0.740651 0.009131 0.025088
1 0.678605 0.732288 0.011837 0.026375
1 0.690273 0.724890 0.012852 0.023158
1 0.700419 0.716528 0.010146 0.025731
1 0.711073 0.711381 0.013190 0.027018
1 0.723925 0.701089 0.014543 0.032164
1 0.671672 0.771850 0.008793 0.024445
1 0.679789 0.768955 0.008117 0.023802
1 0.690442 0.762844 0.011837 0.025731
1 0.702449 0.756090 0.012175 0.031521
1 0.713609 0.749978 0.012852 0.028304
1 0.725277 0.744832 0.011837 0.032164
1 0.678774 0.804658 0.017587 0.023158
1 0.691288 0.800798 0.014205 0.029591
1 0.708874 0.796295 0.022998 0.029591
1 0.724770 0.788575 0.012175 0.032164
1 0.679113 0.841646 0.016234 0.026375
1 0.692302 0.838752 0.012852 0.028304
1 0.710058 0.835535 0.024689 0.033451
1 0.728998 0.830067 0.015896 0.035381
1 0.679451 0.876384 0.016234 0.027661
1 0.693994 0.877349 0.012175 0.028304
1 0.709720 0.877027 0.020630 0.031521
1 0.728828 0.875097 0.016910 0.035381
2 0.354068 0.576550 0.021399 0.018246
2 0.370548 0.577720 0.010085 0.018714
2 0.382600 0.577252 0.011560 0.017778
2 0.399572 0.577018 0.021399 0.018246
2 0.415068 0.576316 0.011560 0.017778
2 0.353576 0.596668 0.021399 0.017310
2 0.353945 0.613276 0.018693 0.016842
2 0.353699 0.634329 0.018693 0.014971
2 0.353084 0.650937 0.018939 0.018246
2 0.351732 0.668949 0.020169 0.017778
2 0.370179 0.596434 0.009839 0.014971
2 0.369072 0.615381 0.011068 0.016374
2 0.369441 0.634797 0.011314 0.014035
2 0.368826 0.652809 0.011068 0.019182
2 0.367596 0.670353 0.011068 0.018714
2 0.381494 0.597135 0.012790 0.018246
2 0.381125 0.615615 0.012052 0.016842
2 0.380633 0.633393 0.011068 0.014971
2 0.380633 0.651405 0.011068 0.018246
2 0.379280 0.671289 0.012298 0.017778
2 0.398957 0.596200 0.020169 0.017310
2 0.398219 0.614446 0.021645 0.016374
2 0.397727 0.633159 0.021645 0.018246
2 0.397235 0.652575 0.021153 0.019649
2 0.396989 0.671756 0.020169 0.017778
2 0.415314 0.596434 0.011560 0.019649
2 0.415191 0.613276 0.012790 0.017778
2 0.414576 0.632692 0.011068 0.019182
2 0.413838 0.652809 0.011068 0.019182
2 0.412731 0.671756 0.010823 0.017778
2 0.349862 0.710121 0.019815 0.016347
2 0.365379 0.710348 0.011220 0.014985
2 0.377435 0.711030 0.012414 0.016347
2 0.394862 0.710121 0.021008 0.018163
2 0.412051 0.691277 0.011459 0.015893
2 0.411216 0.710121 0.011698 0.018163
2 0.423749 0.708759 0.013846 0.019980
2 0.425301 0.670616 0.012653 0.020888
2 0.441535 0.672433 0.016472 0.024520
2 0.459320 0.670843 0.016234 0.023158
2 0.440341 0.709440 0.019815 0.020434
2 0.458246 0.710348 0.015518 0.021342
2 0.511093 0.669972 0.023810 0.020585
2 0.533279 0.672288 0.025433 0.020070
2 0.551001 0.670487 0.010552 0.017497
2 0.562635 0.669972 0.011634 0.020585
2 0.576028 0.671773 0.010823 0.023158
2 0.591585 0.672031 0.015963 0.022644
2 0.608496 0.669715 0.017857 0.022129
2 0.510011 0.710113 0.022727 0.020585
2 0.532197 0.709084 0.021104 0.020585
2 0.548972 0.710628 0.011905 0.020585