2 0.173459 0.389574 0.152457 0.028226
2 0.183949 0.418088 0.159450 0.026498
2 0.197236 0.443433 0.149659 0.021889
2 0.316824 0.385541 0.134274 0.031682
2 0.332909 0.415207 0.138470 0.023041
2 0.339203 0.439401 0.134274 0.023041
2 0.444104 0.380357 0.111895 0.024770
2 0.454594 0.405991 0.102104 0.025346
2 0.465084 0.432200 0.109097 0.021313
2 0.539914 0.375461 0.074130 0.026498
2 0.544809 0.405127 0.072732 0.027074
2 0.554600 0.430184 0.069934 0.023041
2 0.642717 0.372581 0.123084 0.027650
2 0.645515 0.399942 0.120287 0.024770
2 0.649711 0.426728 0.114692 0.026498
2 0.782586 0.367972 0.134274 0.027650
2 0.786082 0.395622 0.141267 0.026498
2 0.788180 0.424712 0.156653 0.027074
1 0.200034 0.468606 0.149659 0.027074
1 0.214720 0.493664 0.142666 0.027650
1 0.233602 0.516129 0.149659 0.032258
1 0.244792 0.543779 0.152457 0.032258
1 0.256681 0.568260 0.156653 0.031682
1 0.272765 0.591014 0.155254 0.029954
1 0.281158 0.616359 0.155254 0.029954
1 0.288850 0.641129 0.148260 0.028802
1 0.300739 0.665323 0.146862 0.028802
1 0.305914 0.689516 0.145463 0.028802
1 0.317803 0.714574 0.149659 0.030530
1 0.324097 0.739919 0.148260 0.027074
1 0.345777 0.463018 0.135672 0.028802
1 0.356267 0.488076 0.145463 0.025922
1 0.368855 0.514574 0.139868 0.032834
1 0.378646 0.538767 0.145463 0.028226
1 0.396829 0.562673 0.128679 0.026498
1 0.408018 0.588249 0.114692 0.024194
1 0.416410 0.613594 0.120287 0.025346
1 0.422005 0.637788 0.114692 0.023041
1 0.431096 0.661694 0.118888 0.025922
1 0.440887 0.688479 0.124483 0.026498
1 0.454175 0.714113 0.123084 0.022465
1 0.474456 0.458698 0.121685 0.029378
1 0.487044 0.485484 0.116091 0.021889
1 0.496835 0.510829 0.110496 0.024194
1 0.506625 0.535887 0.107699 0.023618
1 0.514318 0.560945 0.103503 0.025346
1 0.521312 0.585714 0.106300 0.023041
1 0.528305 0.611924 0.103503 0.024770
1 0.534599 0.636118 0.110496 0.023618
1 0.543690 0.660253 0.103503 0.023041
1 0.557677 0.685887 0.100705 0.025922
1 0.568167 0.711521 0.102104 0.023041
1 0.570265 0.455300 0.069934 0.024194
1 0.668873 0.453859 0.121685 0.023618
1 0.799650 0.451843 0.134274 0.024194
1 0.578658 0.483525 0.072732 0.026498
1 0.674467 0.478917 0.127280 0.026498
1 0.808042 0.475173 0.137071 0.024770
1 0.580756 0.510023 0.068536 0.024194
1 0.589847 0.534793 0.072732 0.023041
1 0.599638 0.558986 0.069934 0.023041
1 0.603834 0.584620 0.064339 0.024770
1 0.611527 0.609677 0.062941 0.024194
1 0.617821 0.635023 0.058745 0.023041
1 0.626213 0.659793 0.058745 0.024194
1 0.636004 0.684850 0.055947 0.024770
1 0.680062 0.505588 0.130078 0.027074
1 0.685657 0.531797 0.132875 0.023041
1 0.691252 0.556855 0.127280 0.024770
1 0.698245 0.582488 0.124483 0.025346
1 0.705938 0.608122 0.131476 0.024770
1 0.712931 0.634332 0.131476 0.025346
1 0.722023 0.656509 0.130078 0.021313
1 0.729715 0.681279 0.125882 0.024770
1 0.734611 0.705760 0.138470 0.020737
1 0.819231 0.499654 0.139868 0.024194
1 0.823427 0.525000 0.139868 0.024194
1 0.831819 0.550922 0.148260 0.025346
1 0.840911 0.577650 0.149659 0.025346
1 0.848604 0.603283 0.145463 0.024770
1 0.855597 0.628053 0.148260 0.024770
1 0.863989 0.652247 0.148260 0.023618
1 0.873080 0.677304 0.149659 0.024194
1 0.877277 0.701786 0.146862 0.023618
1 0.882871 0.726843 0.146862 0.024194