2 0.154366 0.686862 0.154310 0.146684
2 0.150195 0.860969 0.139713 0.188776
2 0.299814 0.684311 0.151182 0.151786
2 0.291473 0.861607 0.169950 0.184949
2 0.454645 0.678571 0.160566 0.153061
2 0.439527 0.510204 0.167865 0.191327
2 0.436920 0.348852 0.183504 0.192602
2 0.426494 0.174107 0.166822 0.174745
2 0.668907 0.678571 0.301322 0.165816
2 0.887340 0.668367 0.143884 0.150510
2 0.450475 0.859694 0.170992 0.201531
2 0.672035 0.857143 0.290896 0.201531
2 0.886818 0.851403 0.155353 0.202806
1 0.134556 0.530612 0.129287 0.183673
1 0.276354 0.520408 0.173078 0.178571
1 0.272184 0.354592 0.173078 0.168367
1 0.114224 0.360969 0.130330 0.145408
1 0.273226 0.200255 0.179334 0.170918
1 0.123608 0.205357 0.140756 0.181122
1 0.669429 0.509566 0.285683 0.174745
1 0.661609 0.334821 0.280469 0.200255
1 0.657960 0.164541 0.283597 0.183673
1 0.874307 0.164541 0.153268 0.186224
1 0.874828 0.338010 0.150140 0.168367
1 0.881605 0.514668 0.136585 0.184949
