0 0.151366 0.463435 0.081824 0.039116
0 0.017368 0.465136 0.034736 0.047619
0 0.231359 0.462585 0.105028 0.040816
0 0.306466 0.463861 0.054956 0.033163
0 0.021643 0.505527 0.043285 0.034864
0 0.151366 0.501701 0.089152 0.037415
0 0.234412 0.499575 0.098922 0.033163
0 0.305855 0.500425 0.061063 0.029762
0 0.017368 0.569728 0.034736 0.037415
0 0.153198 0.568878 0.078160 0.035714
0 0.015536 0.606718 0.031072 0.036565
0 0.046949 0.606718 0.039080 0.034864
0 0.016758 0.640306 0.033515 0.040816
0 0.073817 0.647109 0.083045 0.035714
0 0.014926 0.681122 0.029852 0.039116
0 0.076259 0.681122 0.097700 0.037415
0 0.018590 0.714711 0.037179 0.033163
0 0.073206 0.712160 0.091594 0.041667
0 0.018590 0.747024 0.037179 0.039966
0 0.081755 0.746599 0.096479 0.044218
0 0.016758 0.786139 0.033515 0.034864
0 0.076259 0.781037 0.095258 0.036565
0 0.017979 0.818452 0.035958 0.039966
0 0.074427 0.819303 0.091594 0.041667
0 0.014926 0.852041 0.029852 0.039116
0 0.074427 0.852466 0.091594 0.041667
0 0.016147 0.893707 0.032294 0.047619
0 0.075038 0.891156 0.092815 0.040816
0 0.152588 0.598639 0.079382 0.039116
0 0.150756 0.642007 0.073275 0.032313
0 0.156862 0.676446 0.073275 0.029762
0 0.153198 0.710459 0.080603 0.033163
0 0.156251 0.750850 0.076939 0.030612
0 0.156251 0.785289 0.084267 0.038265
0 0.153809 0.818452 0.076939 0.039966
0 0.153198 0.850340 0.075718 0.035714
0 0.153809 0.890731 0.081824 0.038265
0 0.235022 0.563350 0.100143 0.036565
0 0.233190 0.603741 0.096479 0.042517
0 0.232580 0.641156 0.090373 0.037415
0 0.238076 0.673469 0.084267 0.032313
0 0.233190 0.709609 0.106249 0.034864
0 0.235633 0.749150 0.101364 0.032313
0 0.236854 0.781037 0.098922 0.038265
0 0.232580 0.814626 0.100143 0.035714
0 0.231969 0.849490 0.106249 0.042517
0 0.238076 0.888605 0.091594 0.037415
0 0.307687 0.676446 0.052514 0.031463
0 0.307420 0.744351 0.061499 0.034621
0 0.306112 0.781250 0.064116 0.039176
0 0.302186 0.816327 0.061499 0.032799
0 0.347983 0.563958 0.064116 0.041910
0 0.433689 0.562591 0.112530 0.037354
0 0.446120 0.602679 0.092903 0.040999
0 0.438269 0.640033 0.092903 0.039176
0 0.434344 0.708364 0.095520 0.037354
0 0.508927 0.674198 0.058882 0.025510
0 0.431072 0.747996 0.099445 0.034621
0 0.362377 0.707453 0.064116 0.042821
0 0.358451 0.810405 0.051031 0.024599
0 0.353217 0.850948 0.058882 0.045554
0 0.356489 0.890579 0.054956 0.039176
0 0.432381 0.782161 0.094211 0.039176
0 0.434998 0.817238 0.107296 0.043732
0 0.435652 0.853681 0.108604 0.038265
0 0.433689 0.888757 0.117764 0.040999
0 0.505656 0.565324 0.049722 0.035532
0 0.510890 0.604501 0.049722 0.033710
0 0.557341 0.564413 0.066733 0.037354
0 0.607718 0.564869 0.054956 0.034621
0 0.661366 0.568058 0.078509 0.030066
0 0.764082 0.562591 0.100753 0.040999
0 0.841937 0.558491 0.062807 0.030977
0 0.891005 0.558947 0.058882 0.037354
0 0.561921 0.600856 0.060190 0.035532
0 0.761465 0.599490 0.113838 0.038265
0 0.841937 0.601767 0.065424 0.037354
0 0.892968 0.600856 0.086360 0.046465
0 0.564538 0.637755 0.060190 0.038265
0 0.669217 0.637300 0.086360 0.035532
0 0.763428 0.633655 0.117764 0.033710
0 0.841937 0.635933 0.052339 0.038265
0 0.888388 0.638666 0.061499 0.034621
0 0.505656 0.703353 0.060190 0.041910
0 0.581548 0.709275 0.091594 0.037354
0 0.665946 0.670554 0.079818 0.038265
0 0.758848 0.675109 0.111221 0.047376
0 0.828198 0.668276 0.056265 0.031888
0 0.886426 0.671465 0.060190 0.038265
0 0.665946 0.705630 0.085052 0.039176
0 0.589399 0.746629 0.086360 0.037354
0 0.506965 0.778061 0.057573 0.032799
0 0.504348 0.814504 0.054956 0.038265
0 0.510236 0.849125 0.056265 0.036443
0 0.508273 0.887846 0.052339 0.035532
0 0.576314 0.819060 0.104679 0.038265
0 0.584165 0.852770 0.094211 0.040087
0 0.582203 0.891491 0.095520 0.035532
0 0.662674 0.742074 0.086360 0.048287
0 0.668563 0.780794 0.095520 0.047376
0 0.660058 0.853225 0.086360 0.044643
0 0.666600 0.892857 0.083743 0.038265
0 0.866144 0.706542 0.105987 0.039176
0 0.764736 0.740251 0.109913 0.044643
0 0.894277 0.745262 0.049722 0.030977
0 0.845208 0.743896 0.064116 0.044643
0 0.766699 0.778972 0.113838 0.040087
0 0.838666 0.780794 0.066733 0.034621
0 0.894277 0.779428 0.047106 0.033710
0 0.762774 0.815871 0.103370 0.040999
0 0.836049 0.812227 0.074584 0.033710
0 0.898202 0.815871 0.057573 0.039176
0 0.764082 0.895135 0.108604 0.037354
0 0.843900 0.856870 0.043180 0.033710
0 0.895585 0.856870 0.052339 0.033710
0 0.845208 0.891491 0.056265 0.040999
0 0.898856 0.894679 0.058882 0.047376
1 0.068622 0.537081 0.107296 0.044643
1 0.234799 0.532981 0.094211 0.036443
1 0.304149 0.528426 0.049722 0.043732
1 0.309383 0.568969 0.065424 0.048287
1 0.301532 0.605412 0.054956 0.044643
1 0.302186 0.640944 0.051031 0.039176
1 0.361068 0.603590 0.064116 0.046465
1 0.364340 0.641399 0.062807 0.045554
1 0.362377 0.673743 0.061499 0.039176
1 0.305458 0.848670 0.049722 0.044643
1 0.302841 0.891035 0.052339 0.040087
1 0.355180 0.786261 0.068041 0.029155
1 0.355180 0.746173 0.068041 0.036443
1 0.305458 0.710186 0.047106 0.039176
1 0.094137 0.606778 0.056265 0.036443
1 0.765391 0.858692 0.116455 0.048287
2 0.070584 0.573069 0.092903 0.030977
2 0.157599 0.536625 0.094211 0.040087
2 0.073201 0.508382 0.082435 0.036443
2 0.073856 0.469661 0.094211 0.033710
2 0.431727 0.674654 0.108604 0.040999
2 0.675105 0.600401 0.098136 0.040087
2 0.608372 0.603134 0.056265 0.043732
2 0.510236 0.637755 0.066733 0.038265
2 0.607064 0.638666 0.056265 0.034621
2 0.607718 0.669643 0.044489 0.032799
2 0.564538 0.675565 0.057573 0.035532
2 0.508927 0.744351 0.066733 0.040087
2 0.582857 0.786716 0.102062 0.042821
2 0.673142 0.819515 0.096828 0.039176
2 0.764736 0.710186 0.120381 0.040999
