2 0.322425 0.133036 0.050840 0.051786
2 0.325422 0.183673 0.048419 0.047619
2 0.328448 0.234269 0.047554 0.048469
2 0.331906 0.286139 0.047554 0.051871
1 0.377299 0.130952 0.055336 0.051020
1 0.432202 0.126701 0.052742 0.049320
1 0.482782 0.123299 0.048419 0.052721
1 0.535524 0.119898 0.053606 0.049320
1 0.592156 0.115221 0.056200 0.051871
1 0.647924 0.108844 0.055336 0.054422
1 0.708880 0.103741 0.075222 0.051020
1 0.785658 0.098214 0.085597 0.055272
1 0.859583 0.093537 0.069169 0.057823
1 0.381017 0.180272 0.061388 0.051020
1 0.431597 0.176020 0.058794 0.052721
1 0.481745 0.170918 0.053606 0.052721
1 0.534919 0.169218 0.057929 0.052721
1 0.592416 0.168367 0.057065 0.054422
1 0.647751 0.160714 0.057065 0.054422
1 0.709572 0.152211 0.071763 0.056122
1 0.787820 0.149235 0.084733 0.053571
1 0.862609 0.144133 0.066576 0.050170
1 0.381449 0.228741 0.057065 0.051020
1 0.435920 0.225340 0.050148 0.051020
1 0.487797 0.222364 0.057065 0.051871
1 0.539674 0.221088 0.058794 0.057823
1 0.594577 0.215561 0.057929 0.050170
1 0.650345 0.209609 0.060523 0.050170
1 0.712598 0.203656 0.067440 0.053571
1 0.791710 0.197279 0.087326 0.054422
1 0.864771 0.190901 0.060523 0.051871
1 0.384475 0.274235 0.059659 0.051871
1 0.436785 0.271684 0.055336 0.051871
1 0.489526 0.269983 0.055336 0.050170
1 0.542268 0.268707 0.053606 0.047619
1 0.599333 0.263605 0.063982 0.052721
1 0.652939 0.257228 0.058794 0.048469
1 0.713462 0.254677 0.067440 0.055272
1 0.793007 0.248299 0.088191 0.056122
1 0.869526 0.243622 0.066576 0.051871
1 0.051677 0.397556 0.052560 0.043233
1 0.141028 0.389568 0.122321 0.046053
1 0.053110 0.443139 0.055427 0.046053
1 0.144373 0.439380 0.123276 0.049812
1 0.055860 0.493415 0.061394 0.046980
1 0.146284 0.490602 0.115631 0.048872
1 0.224646 0.386278 0.056382 0.045113
1 0.227513 0.437030 0.050648 0.050752
1 0.230858 0.485902 0.049693 0.045113
1 0.282939 0.384868 0.062116 0.049812
1 0.285806 0.436090 0.062116 0.052632
1 0.287718 0.486842 0.064027 0.048872
1 0.338232 0.331767 0.057033 0.050752
1 0.340468 0.380639 0.062116 0.046992
1 0.344769 0.432801 0.057338 0.051692
1 0.349069 0.484023 0.056382 0.046992
1 0.391977 0.327914 0.051604 0.053571
1 0.444537 0.324154 0.049693 0.051692
1 0.497574 0.321805 0.054471 0.052632
1 0.551567 0.318045 0.053515 0.052632
1 0.603649 0.314286 0.050648 0.046992
1 0.658598 0.309586 0.057338 0.052632
1 0.721669 0.306297 0.068805 0.049812
1 0.799076 0.299718 0.080273 0.046053
1 0.873615 0.293139 0.066894 0.044173
1 0.398189 0.377256 0.052560 0.043233
1 0.447881 0.370677 0.052560 0.045113
1 0.499008 0.369267 0.051604 0.042293
1 0.551567 0.367387 0.055427 0.044173
1 0.606038 0.362218 0.051604 0.046992
1 0.660509 0.357989 0.057338 0.042293
1 0.724059 0.353289 0.065939 0.042293
1 0.799553 0.347180 0.081229 0.043233
1 0.873615 0.343421 0.066894 0.050752
1 0.399622 0.426598 0.051604 0.051692
1 0.448359 0.420959 0.051604 0.047932
1 0.499963 0.415789 0.047782 0.048872
1 0.552045 0.416259 0.054471 0.047932
1 0.607949 0.411560 0.051604 0.051692
1 0.664809 0.403571 0.056382 0.046992
1 0.726925 0.401222 0.065939 0.051692
1 0.802898 0.395113 0.084095 0.048872
1 0.877437 0.392763 0.061160 0.042293
1 0.402011 0.478289 0.050648 0.047932
1 0.454093 0.469831 0.053515 0.047932
1 0.506653 0.467481 0.047782 0.048872
1 0.554912 0.463722 0.048737 0.046992
1 0.607472 0.463252 0.052560 0.049812
1 0.666243 0.454793 0.061160 0.049812
1 0.728454 0.452444 0.062116 0.048872
1 0.804427 0.444925 0.086007 0.046992
1 0.880400 0.438816 0.064027 0.046053
2 0.059494 0.544931 0.064428 0.048387
2 0.148522 0.539171 0.114799 0.046083
2 0.231693 0.533122 0.049200 0.046659
0 0.062820 0.595342 0.061576 0.046584
0 0.152816 0.587578 0.116836 0.043478
0 0.235706 0.582919 0.053682 0.046584
0 0.287554 0.581281 0.050714 0.045567
0 0.293987 0.679258 0.062851 0.048077
0 0.237770 0.680975 0.048186 0.048764
0 0.237072 0.631525 0.052376 0.046016
0 0.152153 0.634959 0.113830 0.048764
0 0.066955 0.640797 0.055169 0.048077
0 0.155295 0.683723 0.113132 0.048764
0 0.069050 0.688187 0.055169 0.046703
0 0.297902 0.727500 0.059555 0.046429
0 0.240163 0.730000 0.051566 0.048571
0 0.155189 0.732500 0.119836 0.049286
0 0.069851 0.735714 0.050840 0.048571
0 0.297947 0.775985 0.060732 0.049261
0 0.242537 0.778756 0.046332 0.047414
0 0.157951 0.782451 0.118333 0.052340
0 0.072488 0.785530 0.051340 0.049877
0 0.072801 0.836946 0.053219 0.051724
0 0.161707 0.834483 0.120838 0.050493
0 0.247170 0.829249 0.050088 0.053571
0 0.301328 0.826170 0.058228 0.051108
0 0.359055 0.771429 0.060732 0.049261
0 0.414600 0.769578 0.050359 0.048036
0 0.493354 0.767734 0.102681 0.044335
0 0.361873 0.823768 0.060106 0.050493
0 0.417596 0.822229 0.051340 0.054803
0 0.493980 0.817919 0.102681 0.052340
0 0.601047 0.760913 0.114322 0.046958
0 0.603065 0.813161 0.115667 0.054894
0 0.719404 0.757275 0.122392 0.051587
0 0.824940 0.799146 0.080522 0.047360
0 0.894015 0.798370 0.054471 0.050466
0 0.822177 0.751786 0.079733 0.048913
0 0.890068 0.749068 0.054471 0.046584
0 0.888094 0.695497 0.050524 0.049689
0 0.945328 0.213898 0.070260 0.062888
0 0.951249 0.275621 0.074207 0.057453
0 0.955196 0.338898 0.069470 0.065994
0 0.958354 0.403727 0.066312 0.062112
0 0.965064 0.529037 0.068681 0.069876
0 0.966941 0.591925 0.066118 0.060559
0 0.966941 0.653106 0.066118 0.059006
0 0.969309 0.713665 0.061382 0.062112
1 0.287065 0.532577 0.059869 0.044884
1 0.348013 0.531612 0.055943 0.046815
1 0.402239 0.526062 0.052508 0.051158
1 0.346296 0.578764 0.065267 0.046332
1 0.292070 0.628234 0.056925 0.047780
1 0.351449 0.626062 0.061832 0.048263
1 0.405674 0.574903 0.051527 0.044402
1 0.479529 0.520125 0.100109 0.050676
1 0.586950 0.516988 0.110414 0.052124
1 0.706982 0.505792 0.127099 0.050193
1 0.812489 0.495656 0.079989 0.051158
1 0.881927 0.489382 0.055943 0.052124
1 0.482670 0.570125 0.102072 0.045849
1 0.406852 0.621766 0.049564 0.046815
1 0.483896 0.617181 0.106488 0.048263
1 0.588912 0.566506 0.111396 0.045367
1 0.708945 0.554440 0.126117 0.048263
1 0.812979 0.547683 0.082933 0.052124
1 0.883252 0.544064 0.057415 0.054537
1 0.592004 0.610907 0.110905 0.047297
1 0.712380 0.605598 0.129062 0.052124
1 0.816611 0.601014 0.079007 0.053571
1 0.883841 0.599083 0.053489 0.051641
1 0.354884 0.675579 0.056925 0.049228
1 0.357828 0.723600 0.058888 0.045849
1 0.409600 0.670994 0.052508 0.050676
1 0.413035 0.719739 0.050545 0.045849
1 0.487135 0.666651 0.103544 0.047780
1 0.488362 0.717085 0.100109 0.051158
1 0.594507 0.662307 0.110414 0.054537
1 0.596224 0.712741 0.114831 0.045367
1 0.711742 0.658929 0.127590 0.054537
1 0.714441 0.706950 0.125136 0.046332
1 0.816807 0.652172 0.080970 0.051641
1 0.818525 0.704778 0.077535 0.046815
1 0.887472 0.648793 0.057415 0.041023
1 0.960897 0.463880 0.068501 0.052760
1 0.939439 0.149351 0.073453 0.051948
1 0.936551 0.090909 0.072628 0.051948
1 0.933249 0.028815 0.079230 0.057630
1 0.971214 0.775731 0.056122 0.064123
1 0.974052 0.838636 0.051895 0.061688
1 0.975290 0.905601 0.049419 0.067370
1 0.896110 0.842695 0.059423 0.035714
1 0.826371 0.844724 0.076755 0.036526
1 0.725682 0.810227 0.114719 0.048701
1 0.027511 0.878430 0.028669 0.033365
1 0.026794 0.836607 0.024369 0.047462
1 0.025838 0.787735 0.023413 0.047462
1 0.021538 0.740743 0.021502 0.045583
1 0.019866 0.692575 0.021024 0.049812
1 0.014572 0.643690 0.018762 0.042857
1 0.011848 0.598452 0.019367 0.051190
1 0.009253 0.548155 0.018506 0.048214