2 0.163210 0.508242 0.047340 0.048077
1 0.161947 0.453297 0.046077 0.049451
2 0.042020 0.512363 0.052389 0.041209
0 0.034051 0.187143 0.048577 0.042857
0 0.087017 0.185484 0.061939 0.044931
0 0.165367 0.182028 0.092643 0.044931
0 0.230217 0.180588 0.035999 0.044355
0 0.034607 0.234159 0.047116 0.048963
0 0.088605 0.231279 0.061939 0.044355
0 0.166161 0.228399 0.095290 0.046659
0 0.231276 0.226382 0.034940 0.043779
0 0.034343 0.272753 0.046586 0.025922
0 0.089134 0.269585 0.064056 0.032258
0 0.168808 0.268433 0.095290 0.031106
0 0.232599 0.264977 0.033352 0.032258
0 0.275639 0.122120 0.062468 0.052995
0 0.328313 0.120968 0.051351 0.050691
0 0.405604 0.117512 0.105349 0.052995
0 0.514605 0.116647 0.113289 0.051267
0 0.635941 0.113191 0.129171 0.048963
0 0.635677 0.055588 0.121230 0.066244
0 0.737055 0.052131 0.084702 0.054724
0 0.737584 0.105415 0.080467 0.051843
0 0.818263 0.048099 0.080467 0.055876
0 0.889995 0.044931 0.064056 0.052995
0 0.818792 0.103111 0.079408 0.054147
0 0.890525 0.099078 0.062997 0.052995
0 0.276380 0.175691 0.058233 0.054147
0 0.277438 0.230415 0.059292 0.050691
0 0.278497 0.284850 0.059292 0.054724
0 0.330642 0.173963 0.047116 0.052995
0 0.407404 0.173387 0.106407 0.051843
0 0.331966 0.228975 0.051880 0.054724
0 0.408198 0.226959 0.104819 0.054147
0 0.332495 0.283122 0.050821 0.052419
0 0.410051 0.280530 0.103231 0.049539
0 0.514287 0.169355 0.106937 0.052995
0 0.514287 0.224366 0.110113 0.055876
0 0.516934 0.277938 0.107996 0.052419
0 0.634459 0.162154 0.133406 0.051267
0 0.635518 0.215726 0.134465 0.053571
0 0.634724 0.269873 0.131818 0.059332
0 0.739913 0.159677 0.077291 0.052995
0 0.743090 0.214401 0.081526 0.052995
0 0.818792 0.156509 0.081526 0.055876
0 0.891107 0.154205 0.062468 0.055876
0 0.819110 0.210369 0.080467 0.052995
0 0.891107 0.206624 0.059292 0.050115
0 0.740972 0.269124 0.081526 0.050691
0 0.822763 0.263940 0.082055 0.052995
0 0.895025 0.261060 0.064586 0.056452
0 0.040695 0.349078 0.050821 0.052995
0 0.102369 0.345334 0.071468 0.051267
0 0.160020 0.343779 0.043410 0.055300
0 0.212959 0.342051 0.064586 0.050691
0 0.042231 0.402823 0.050292 0.054724
0 0.101258 0.399654 0.067762 0.054147
0 0.161873 0.402247 0.049233 0.057028
0 0.217459 0.396774 0.068291 0.055300
0 0.042231 0.457085 0.056645 0.053571
0 0.104699 0.455069 0.066174 0.054147
0 0.104963 0.510945 0.064586 0.054147
0 0.045142 0.562212 0.052939 0.050691
0 0.106287 0.563940 0.066174 0.044931
0 0.165314 0.561924 0.048704 0.048963
0 0.217459 0.451613 0.064056 0.054147
0 0.217723 0.505760 0.064586 0.052995
0 0.219841 0.559044 0.063527 0.051267
0 0.277809 0.339574 0.064056 0.051267
0 0.277015 0.394297 0.063527 0.055876
0 0.278603 0.450173 0.067762 0.052419
0 0.278603 0.504781 0.065644 0.050115
0 0.278868 0.556912 0.065115 0.049539
0 0.332601 0.337385 0.050821 0.052419
0 0.331807 0.392108 0.054527 0.054724
0 0.332071 0.446141 0.055057 0.052419
0 0.334454 0.499136 0.056645 0.057028
0 0.333395 0.554263 0.053468 0.051843
0 0.410315 0.334505 0.109054 0.058180
0 0.517517 0.331048 0.113819 0.059332
0 0.408992 0.389804 0.109584 0.058180
0 0.517252 0.385772 0.113289 0.053571
0 0.408992 0.444240 0.108525 0.055300
0 0.519105 0.440207 0.113819 0.055300
0 0.412698 0.497235 0.103231 0.052995
0 0.518576 0.494067 0.112760 0.051267
0 0.410315 0.550691 0.109054 0.054147
0 0.520164 0.546371 0.111701 0.054724
0 0.636947 0.323848 0.133936 0.054147
0 0.639329 0.377131 0.131289 0.052419
0 0.640123 0.433295 0.130759 0.058756
0 0.641447 0.488882 0.132347 0.051267
0 0.640388 0.540611 0.131289 0.054724
0 0.742825 0.322235 0.078879 0.054147
0 0.824086 0.318779 0.081526 0.056452
0 0.896613 0.316763 0.061409 0.052419
0 0.744149 0.376959 0.080467 0.052995
0 0.824616 0.373502 0.080467 0.050691
0 0.896877 0.370046 0.064056 0.054147
0 0.748437 0.430127 0.080997 0.054724
0 0.826257 0.425518 0.076762 0.052419
0 0.899048 0.425518 0.067762 0.053571
0 0.747378 0.484562 0.079938 0.048387
0 0.828904 0.483410 0.078879 0.055300
0 0.900107 0.482258 0.066703 0.052995
0 0.747907 0.538998 0.077820 0.055876
0 0.828639 0.536118 0.081526 0.051267
0 0.900107 0.534101 0.062468 0.050691
0 0.951771 0.042796 0.059985 0.057266
0 0.951771 0.100677 0.058854 0.053571
0 0.954317 0.155172 0.060551 0.051724
0 0.953185 0.206281 0.062815 0.050493
0 0.958561 0.258621 0.061117 0.049261
0 0.958844 0.314532 0.060551 0.056650
0 0.961108 0.368411 0.060551 0.051108
0 0.963089 0.421305 0.058854 0.052956
0 0.966767 0.478571 0.059419 0.051724
0 0.966201 0.531527 0.061683 0.049261
0 0.045509 0.611376 0.059566 0.050265
0 0.048548 0.668254 0.059566 0.063492
0 0.047940 0.729630 0.055919 0.056878
0 0.050371 0.785185 0.057135 0.052910
0 0.048548 0.835450 0.054704 0.047619
0 0.165857 0.609259 0.052272 0.044974
0 0.168896 0.662500 0.054704 0.057540
0 0.167376 0.719709 0.055311 0.055556
0 0.167376 0.778241 0.054096 0.060185
0 0.168896 0.834127 0.054704 0.050265
0 0.224936 0.611640 0.065644 0.052910
0 0.285414 0.611971 0.057743 0.054894
0 0.335255 0.608995 0.055311 0.055556
0 0.413360 0.604365 0.111838 0.054233
0 0.522159 0.599074 0.110623 0.054233
0 0.641900 0.594114 0.136151 0.054894
0 0.748146 0.592791 0.083879 0.057540
0 0.828986 0.589484 0.081448 0.057540
0 0.899493 0.585516 0.064429 0.056217
0 0.965137 0.583862 0.061997 0.059524
0 0.224477 0.665517 0.061117 0.054187
0 0.223062 0.718473 0.062815 0.051724
0 0.222213 0.772968 0.063381 0.059729
0 0.225608 0.828387 0.062249 0.049877
0 0.285028 0.667365 0.064513 0.056650
0 0.284179 0.720012 0.066210 0.053571
0 0.287857 0.773584 0.067908 0.053571
0 0.289555 0.826847 0.065644 0.051724
0 0.337996 0.663670 0.052063 0.052956
0 0.340825 0.719397 0.050931 0.058498
0 0.342240 0.772968 0.049233 0.051108
0 0.341957 0.827463 0.048667 0.056650
0 0.415807 0.659667 0.108087 0.056034
0 0.416939 0.713547 0.106955 0.051724
0 0.417788 0.767426 0.107521 0.054803
0 0.420334 0.821305 0.104691 0.052956
0 0.524064 0.655973 0.110916 0.056034
0 0.525478 0.711392 0.113746 0.053571
0 0.526610 0.765271 0.114878 0.057882
0 0.530855 0.820690 0.119971 0.059113
0 0.643186 0.649815 0.131855 0.057266
0 0.646864 0.706466 0.133552 0.056034
0 0.649410 0.760037 0.136382 0.057266
0 0.653372 0.818842 0.125064 0.057882
0 0.749518 0.648584 0.083753 0.054803
0 0.753479 0.704310 0.079226 0.056650
0 0.755177 0.760037 0.076962 0.052340
0 0.756309 0.813300 0.079226 0.051724
0 0.829593 0.646429 0.080924 0.054187
0 0.832422 0.702771 0.078660 0.054803
0 0.834120 0.757574 0.082055 0.051108
0 0.835535 0.811145 0.078094 0.053571
0 0.900557 0.640887 0.065078 0.054187
0 0.903952 0.698461 0.061683 0.052340
0 0.903669 0.750185 0.062249 0.052340
0 0.907630 0.805603 0.061117 0.053571
0 0.963654 0.644581 0.056590 0.059113
0 0.965635 0.753571 0.054892 0.057882
0 0.909156 0.850714 0.066301 0.037143
0 0.834321 0.856429 0.084681 0.035714
0 0.752922 0.856429 0.075491 0.035714
0 0.652815 0.863214 0.124724 0.035000
0 0.530979 0.865714 0.118160 0.032857
0 0.420696 0.864643 0.105031 0.035000
0 0.344221 0.872500 0.041356 0.035000
0 0.287766 0.870000 0.066301 0.037143
0 0.226389 0.872143 0.060393 0.035714
0 0.167637 0.877143 0.049233 0.034286