2 0.446078 0.239172 0.063959 0.058617
2 0.513305 0.237377 0.070495 0.062206
2 0.511438 0.167994 0.066760 0.066991
2 0.049020 0.299584 0.039216 0.071776
2 0.091503 0.291210 0.052288 0.071776
2 0.133287 0.217639 0.031279 0.075365
2 0.127451 0.283434 0.032680 0.070580
2 0.160131 0.212256 0.032680 0.071776
2 0.202848 0.209265 0.062092 0.075365
2 0.264465 0.194747 0.062980 0.068226
2 0.156682 0.278062 0.030722 0.059042
2 0.200717 0.275438 0.064516 0.072162
2 0.263441 0.264286 0.068100 0.068226
2 0.041219 0.362689 0.039427 0.073474
2 0.083461 0.355473 0.055300 0.077410
2 0.123400 0.348912 0.035842 0.064290
2 0.152330 0.348912 0.042499 0.082659
2 0.194316 0.341696 0.070148 0.086595
2 0.258065 0.337760 0.071685 0.078723
2 0.035074 0.428947 0.037378 0.077410
2 0.075269 0.423043 0.061444 0.091843
2 0.115719 0.424355 0.040963 0.086595
2 0.145417 0.417795 0.043011 0.091843
2 0.190732 0.412546 0.073221 0.091843
2 0.251920 0.411234 0.069636 0.078723
2 0.029698 0.506357 0.033794 0.082659
2 0.068356 0.503077 0.060932 0.078723
2 0.108295 0.500453 0.037378 0.091843
2 0.142345 0.491925 0.033794 0.093155
2 0.186380 0.487333 0.071685 0.081347
2 0.250128 0.480117 0.070148 0.077410
2 0.026114 0.583768 0.033794 0.064290
2 0.066308 0.578520 0.049667 0.082659
2 0.102151 0.569991 0.032258 0.081347
2 0.131592 0.569991 0.037890 0.091843
2 0.181004 0.563431 0.071173 0.086595
2 0.023297 0.646090 0.025090 0.078723
2 0.055556 0.650682 0.053763 0.087907
2 0.100358 0.650026 0.043011 0.097091
2 0.126984 0.654618 0.043011 0.087907
2 0.051971 0.732685 0.056836 0.097091
2 0.086790 0.739901 0.030210 0.082659
2 0.173067 0.645434 0.073733 0.087907
2 0.247312 0.562775 0.071685 0.087907
2 0.241935 0.645434 0.075269 0.077410
2 0.116487 0.735965 0.032258 0.087907
1 0.165131 0.740557 0.075269 0.078723
1 0.236303 0.733997 0.075269 0.091843
2 0.310338 0.185043 0.032967 0.073003
2 0.340456 0.183479 0.032967 0.076132
2 0.369556 0.179307 0.034188 0.076132
2 0.400285 0.181393 0.032967 0.080304
2 0.447090 0.174093 0.067155 0.080304
2 0.309727 0.254397 0.030932 0.065703
2 0.340456 0.247096 0.035409 0.071960
2 0.383191 0.250746 0.063899 0.073003
2 0.304640 0.327921 0.032967 0.079261
2 0.333944 0.324271 0.037037 0.080304
2 0.364672 0.322707 0.035816 0.083432
2 0.396622 0.318535 0.039479 0.083432
2 0.445665 0.311756 0.070004 0.090733
2 0.302401 0.403011 0.034188 0.077175
2 0.331909 0.400925 0.038665 0.073003
2 0.362637 0.397275 0.034188 0.080304
2 0.395197 0.393624 0.039886 0.081347
2 0.444241 0.391539 0.067155 0.083432
2 0.297721 0.481229 0.032967 0.087604
2 0.327432 0.477578 0.041107 0.094904
2 0.360399 0.472364 0.035409 0.099076
2 0.393162 0.472364 0.043956 0.099076
2 0.443020 0.472364 0.069597 0.090733
2 0.293447 0.563618 0.035816 0.091776
2 0.325397 0.554753 0.039479 0.094904
2 0.358974 0.554753 0.038258 0.094904
2 0.392959 0.553189 0.041107 0.091776
2 0.444444 0.551103 0.072446 0.087604
2 0.292023 0.635057 0.035409 0.080304
2 0.324786 0.642357 0.041514 0.094904
2 0.357550 0.636621 0.035409 0.098033
2 0.390924 0.638707 0.039479 0.102205
2 0.442409 0.634536 0.074074 0.102205
1 0.046398 0.823301 0.047212 0.091776
1 0.082621 0.823301 0.034188 0.091776
1 0.109076 0.832688 0.035816 0.102205
1 0.156695 0.823301 0.074074 0.106376
1 0.227920 0.826952 0.085470 0.105333
1 0.281441 0.823823 0.035409 0.113677
1 0.284086 0.728918 0.035816 0.105333
1 0.319088 0.734654 0.037444 0.102205
1 0.354090 0.733090 0.038258 0.105333
1 0.387464 0.731004 0.042328 0.109505
1 0.440781 0.729440 0.078144 0.098033
1 0.317053 0.822258 0.035816 0.102205
1 0.351852 0.823823 0.037037 0.099076
1 0.386040 0.827994 0.042735 0.099076
1 0.441595 0.818608 0.077330 0.109505
2 0.577941 0.160535 0.078144 0.080304
2 0.644078 0.158971 0.065527 0.077175
2 0.689662 0.157406 0.037037 0.080304
2 0.581400 0.231974 0.080179 0.077175
2 0.646927 0.228845 0.067969 0.077175
2 0.693936 0.234060 0.034188 0.081347
2 0.718152 0.160535 0.033781 0.080304
1 0.726699 0.230931 0.031339 0.073003
2 0.513635 0.310714 0.075702 0.094904
2 0.582011 0.305499 0.075702 0.084475
2 0.650387 0.302892 0.070004 0.087604
2 0.696785 0.302892 0.039886 0.087604
2 0.513024 0.389453 0.073667 0.077175
2 0.585674 0.383717 0.074074 0.074046
2 0.654660 0.380067 0.067155 0.073003
2 0.703093 0.380067 0.038665 0.079261
1 0.514449 0.466106 0.074074 0.084475
1 0.588523 0.465585 0.077330 0.083432
1 0.656899 0.458285 0.070818 0.083432
1 0.705942 0.454634 0.041107 0.084475
2 0.516077 0.551625 0.074074 0.086561
1 0.589337 0.543803 0.081400 0.087604
1 0.661172 0.538588 0.074481 0.083432
1 0.713268 0.537024 0.041107 0.080304
2 0.517298 0.638186 0.077330 0.090733
1 0.595645 0.636100 0.082621 0.094904
1 0.666870 0.624628 0.073667 0.094904
1 0.717338 0.620978 0.041107 0.087604
1 0.518112 0.729440 0.083842 0.102205
1 0.597070 0.719532 0.085470 0.099076
1 0.670330 0.713796 0.078144 0.102205
1 0.722426 0.709103 0.042328 0.090733
1 0.518112 0.818608 0.083842 0.105333
1 0.599308 0.812872 0.084249 0.102205
1 0.675417 0.810787 0.076923 0.098033
2 0.075499 0.922377 0.028083 0.123063
2 0.102564 0.927592 0.037444 0.135578
2 0.150387 0.938542 0.075295 0.113677
2 0.223036 0.938542 0.078144 0.119934
2 0.276557 0.936978 0.037037 0.116805
2 0.311355 0.936978 0.041514 0.123063
2 0.350020 0.936978 0.035816 0.123063
2 0.384615 0.939064 0.039886 0.112634
2 0.520554 0.931764 0.083842 0.127234
2 0.604396 0.927592 0.085470 0.120977
2 0.681522 0.920813 0.082621 0.134535
2 0.738502 0.920292 0.048433 0.135578
1 0.731380 0.798793 0.039886 0.090733
2 0.749288 0.162621 0.035816 0.069875
2 0.769027 0.031215 0.031339 0.061531
2 0.812576 0.032779 0.061457 0.064660
2 0.857346 0.037994 0.048433 0.068832
2 0.894994 0.029129 0.041514 0.051102
2 0.771266 0.094832 0.035816 0.065703
2 0.815425 0.096397 0.063899 0.068832
2 0.864469 0.100047 0.048840 0.076132
2 0.901506 0.091182 0.042328 0.064660
2 0.780627 0.162100 0.034188 0.077175
2 0.822548 0.162621 0.061050 0.076132
2 0.870981 0.162621 0.047212 0.069875
2 0.910053 0.166271 0.042328 0.077175
1 0.755596 0.230931 0.038665 0.073003
1 0.784900 0.230931 0.031339 0.073003
1 0.817460 0.230931 0.039479 0.073003
1 0.878510 0.232496 0.048433 0.061531
2 0.921932 0.243137 0.048993 0.063193
2 0.729955 0.303935 0.035409 0.087604
2 0.759666 0.305499 0.038665 0.084475
1 0.793854 0.307063 0.032967 0.073003
1 0.836793 0.302892 0.064306 0.073003
1 0.887261 0.300284 0.045584 0.065703
1 0.927147 0.290898 0.045584 0.055274
2 0.848799 0.230410 0.033781 0.065703
2 0.735450 0.376938 0.035816 0.073003
2 0.764957 0.372766 0.042735 0.079261
2 0.798942 0.374852 0.034188 0.068832
1 0.831705 0.374852 0.039479 0.068832
1 0.893773 0.369116 0.052910 0.074046
1 0.861620 0.372766 0.034188 0.079261
1 0.937856 0.369035 0.040954 0.065865
1 0.741962 0.450984 0.039886 0.091776
1 0.771266 0.451506 0.041514 0.090733
1 0.804436 0.448898 0.037037 0.073003
1 0.851648 0.444205 0.062271 0.076132
1 0.902116 0.449420 0.046805 0.071960
1 0.942816 0.444205 0.045177 0.076132
1 0.746439 0.534938 0.039886 0.090733
1 0.778388 0.530245 0.041107 0.087604
1 0.809524 0.528159 0.043956 0.083432
1 0.857346 0.528159 0.076923 0.091776
1 0.908628 0.520337 0.048433 0.090733
1 0.946479 0.517209 0.046805 0.076132
1 0.752544 0.617849 0.043956 0.087604
1 0.785307 0.616285 0.046805 0.090733
1 0.815425 0.616285 0.046805 0.090733
1 0.864469 0.608463 0.074074 0.083432
1 0.915751 0.603248 0.045584 0.087604
1 0.949939 0.594384 0.039886 0.084475
1 0.759259 0.705975 0.042735 0.094904
1 0.793244 0.705453 0.045584 0.087604
1 0.826618 0.701803 0.043956 0.086561
1 0.873016 0.698153 0.070818 0.087604
1 0.922059 0.688767 0.044363 0.083432
1 0.951974 0.674687 0.032560 0.090733
1 0.764754 0.798272 0.045584 0.098033
1 0.799756 0.796186 0.052910 0.102205
1 0.834554 0.787843 0.042735 0.106376
1 0.880952 0.782107 0.069597 0.094904
1 0.929792 0.769070 0.042735 0.083432
1 0.959096 0.759684 0.021571 0.073003
2 0.773911 0.916120 0.044363 0.141835
2 0.806064 0.914034 0.048433 0.137663
2 0.844526 0.900998 0.042328 0.119934
2 0.887261 0.888483 0.062678 0.109505
2 0.932234 0.865018 0.032967 0.106376