2 0.464626 0.722177 0.135929 0.019009
2 0.606814 0.723330 0.144871 0.019009
2 0.732124 0.723626 0.102359 0.020147
2 0.819556 0.724313 0.066818 0.019689
2 0.914807 0.725687 0.126527 0.020604
2 0.470540 0.741941 0.139322 0.019231
2 0.615549 0.742857 0.145009 0.018315
2 0.737100 0.743086 0.098094 0.017857
2 0.821689 0.744231 0.071083 0.018315
2 0.920494 0.745147 0.123684 0.017399
2 0.474094 0.760714 0.137901 0.016484
2 0.614838 0.762317 0.146430 0.018773
2 0.476226 0.779258 0.139322 0.018773
2 0.736389 0.761859 0.096673 0.018773
2 0.821689 0.762317 0.071083 0.017857
2 0.919783 0.763004 0.122262 0.018315
2 0.618392 0.781090 0.142166 0.018773
2 0.739233 0.780632 0.099516 0.017857
2 0.823110 0.780632 0.065396 0.016026
2 0.921915 0.781548 0.123684 0.017857
2 0.477648 0.798031 0.139322 0.017857
2 0.479070 0.816804 0.136479 0.017857
2 0.479780 0.834203 0.137901 0.016026
2 0.620524 0.799405 0.140744 0.017857
2 0.617681 0.817033 0.140744 0.016484
2 0.742076 0.799863 0.096673 0.018773
2 0.825243 0.798718 0.066818 0.020147
2 0.921915 0.800092 0.123684 0.018315
2 0.741365 0.818178 0.100938 0.015110
2 0.827375 0.818407 0.065396 0.017399
2 0.923337 0.817720 0.120841 0.016941
1 0.618676 0.834570 0.142166 0.018773
1 0.743782 0.835714 0.105202 0.019231
1 0.831924 0.835943 0.068239 0.016941
1 0.927175 0.835485 0.116576 0.016941
1 0.478643 0.852198 0.140744 0.018315
1 0.620809 0.853343 0.140744 0.017857
1 0.743782 0.854029 0.102359 0.016484
1 0.830503 0.853343 0.071083 0.017857
1 0.925754 0.853114 0.116576 0.018315
1 0.484330 0.870971 0.132214 0.017399
1 0.485751 0.888599 0.135057 0.016026
1 0.487173 0.906456 0.135057 0.016941
1 0.492149 0.923855 0.133636 0.016941
1 0.622941 0.871429 0.139322 0.018315
1 0.626495 0.889515 0.140744 0.017857
1 0.628628 0.906685 0.145009 0.017399
1 0.632893 0.924771 0.142166 0.016941
0 0.498546 0.942170 0.143587 0.016941
0 0.638579 0.941941 0.133636 0.017399
0 0.761553 0.942399 0.109467 0.017399
0 0.848984 0.941255 0.062553 0.016026
1 0.937838 0.941255 0.112311 0.017857
1 0.746625 0.871658 0.102359 0.016941
1 0.831924 0.870742 0.065396 0.016941
1 0.925754 0.870742 0.116576 0.016941
1 0.750179 0.889057 0.100938 0.016026
1 0.753733 0.906227 0.102359 0.017399
1 0.757288 0.923626 0.100938 0.016484
1 0.834057 0.888141 0.061131 0.016941
1 0.837611 0.905769 0.056866 0.017399
1 0.839744 0.923397 0.063974 0.016026
1 0.927175 0.888141 0.122262 0.018773
1 0.927175 0.906914 0.119419 0.016941
1 0.929308 0.923626 0.115154 0.015568
1 0.499968 0.958196 0.146430 0.015110
1 0.641423 0.959112 0.133636 0.016941
1 0.761553 0.959799 0.106624 0.015568
1 0.848274 0.957967 0.058288 0.015568
1 0.935705 0.958654 0.116576 0.016026
1 0.643413 0.979716 0.139322 0.022436
1 0.502669 0.977885 0.136479 0.022436
1 0.847421 0.976282 0.061131 0.019231
1 0.934852 0.976282 0.113732 0.020147