2 0.066558 0.336803 0.045455 0.150466
2 0.043425 0.493055 0.046266 0.143521
2 0.133929 0.340275 0.081169 0.129632
2 0.114042 0.490741 0.101461 0.157410
1 0.238231 0.325228 0.117695 0.127317
1 0.224432 0.488426 0.119318 0.166670
2 0.358360 0.297450 0.112825 0.150466
2 0.348214 0.482639 0.113636 0.168985
2 0.439529 0.701393 0.080357 0.314821
2 0.446429 0.472222 0.086039 0.203708
2 0.454545 0.290505 0.074675 0.192133
2 0.521916 0.273144 0.069805 0.189818
2 0.523539 0.472222 0.073052 0.208337
2 0.520698 0.725699 0.080357 0.280098
2 0.644075 0.708337 0.168019 0.287042
2 0.632305 0.461805 0.142857 0.233801
2 0.628653 0.265042 0.135552 0.210652
2 0.744724 0.256940 0.090097 0.185189
2 0.827922 0.239578 0.099026 0.187504
2 0.748377 0.438656 0.113636 0.219912
2 0.846185 0.435184 0.114448 0.212967
2 0.768669 0.729171 0.108766 0.370377
2 0.864448 0.728014 0.126623 0.381952
1 0.923295 0.229162 0.085227 0.203708
1 0.949675 0.451388 0.097403 0.222226
1 0.963880 0.748847 0.072240 0.363433