2 0.798908 0.078255 0.032746 0.102052
2 0.843409 0.066800 0.074727 0.083308
2 0.897145 0.095958 0.047859 0.087473
2 0.937028 0.076172 0.040302 0.077060
2 0.803107 0.152191 0.032746 0.083308
2 0.770781 0.108454 0.028547 0.116631
2 0.749370 0.159480 0.029387 0.089556
2 0.729219 0.200093 0.031066 0.087473
2 0.851805 0.149067 0.073048 0.089556
2 0.804786 0.221961 0.039463 0.081225
2 0.856423 0.207382 0.068850 0.093721
2 0.898405 0.130322 0.048699 0.081225
2 0.944584 0.134488 0.045340 0.085390
2 0.909320 0.202175 0.057095 0.095804
2 0.948363 0.200093 0.041142 0.091638
2 0.809824 0.280276 0.032746 0.097886
2 0.860621 0.276111 0.085642 0.093721
2 0.916877 0.281317 0.053736 0.087473
2 0.962217 0.282359 0.048699 0.089556
2 0.966835 0.353170 0.049538 0.089556
2 0.965575 0.419816 0.057095 0.089556
2 0.978170 0.504165 0.036944 0.074977
2 0.918556 0.353170 0.052057 0.097886
2 0.867338 0.353170 0.073887 0.085390
2 0.820319 0.354212 0.045340 0.087473
2 0.785894 0.361501 0.047019 0.077060
2 0.753568 0.353170 0.046180 0.085390
2 0.721662 0.350046 0.042821 0.087473
2 0.667086 0.347964 0.078086 0.108300
2 0.596558 0.357336 0.086482 0.097886
2 0.523090 0.368790 0.097397 0.091638
2 0.440386 0.370873 0.081444 0.095804
2 0.391268 0.367749 0.052057 0.106217
2 0.362301 0.377121 0.051217 0.087473
2 0.327456 0.376080 0.045340 0.093721
2 0.296390 0.382328 0.050378 0.085390
2 0.238875 0.388576 0.086482 0.114548
2 0.179261 0.393783 0.088161 0.091638
2 0.131402 0.390659 0.049538 0.093721
2 0.102015 0.407320 0.052897 0.077060
2 0.064232 0.401072 0.076406 0.093721
2 0.051217 0.485421 0.067170 0.083308
2 0.091520 0.491669 0.045340 0.087473
2 0.128463 0.473966 0.038623 0.085390
2 0.172964 0.470842 0.090680 0.087473
2 0.242653 0.468760 0.092359 0.091638
2 0.290092 0.459388 0.044500 0.072894
2 0.324097 0.464594 0.050378 0.066646
2 0.362301 0.454181 0.047859 0.074977
2 0.389169 0.445850 0.041142 0.079142
2 0.450882 0.454181 0.082284 0.070811
2 0.520991 0.448974 0.088161 0.077060
2 0.599076 0.434395 0.088161 0.081225
2 0.674223 0.434395 0.075567 0.089556
2 0.729219 0.433354 0.041142 0.091638
2 0.759446 0.433354 0.054576 0.087473
2 0.797229 0.433354 0.046180 0.087473
2 0.831654 0.433354 0.041142 0.074977
2 0.876574 0.427106 0.073887 0.083308
2 0.937448 0.421899 0.057935 0.097886
2 0.938707 0.505207 0.058774 0.085390
2 0.883711 0.506248 0.076406 0.108300
2 0.837951 0.512496 0.047019 0.091638
2 0.794710 0.517703 0.051217 0.089556
2 0.766583 0.519786 0.047019 0.097886
2 0.733417 0.514579 0.044500 0.091638
2 0.676742 0.533323 0.087322 0.091638
2 0.600756 0.536447 0.088161 0.097886
2 0.528967 0.534364 0.087322 0.106217
2 0.447523 0.536447 0.083963 0.102052
2 0.393367 0.543737 0.036104 0.079142
2 0.360621 0.547902 0.047859 0.083308
2 0.321159 0.554150 0.047859 0.079142
2 0.281696 0.547902 0.044500 0.112465
2 0.225861 0.540612 0.078925 0.089556
2 0.165827 0.558315 0.079765 0.091638
2 0.123426 0.559357 0.060453 0.085390
2 0.094458 0.561439 0.052897 0.081225
2 0.061713 0.558315 0.051217 0.087473
2 0.031906 0.571853 0.041982 0.068729
2 0.034845 0.641623 0.062972 0.104135
2 0.078925 0.654119 0.043661 0.083308
2 0.109152 0.641623 0.038623 0.091638
2 0.164987 0.634334 0.074727 0.072894
2 0.237196 0.636416 0.076406 0.089556
2 0.280017 0.624961 0.051217 0.091638
2 0.326616 0.635375 0.041982 0.091638
2 0.356843 0.631210 0.038623 0.074977
2 0.389589 0.626003 0.040302 0.085390
2 0.446264 0.623920 0.089840 0.089556
2 0.523090 0.615589 0.089001 0.089556
2 0.955500 0.666615 0.047019 0.108300
2 0.957599 0.769708 0.052897 0.102052
2 0.033585 0.727013 0.052057 0.083308
2 0.072628 0.734303 0.047859 0.081225
1 0.607473 0.616631 0.088161 0.079142
1 0.686398 0.605176 0.076406 0.110383
1 0.740134 0.608300 0.046180 0.087473
1 0.776238 0.610383 0.044500 0.091638
1 0.812762 0.606217 0.045340 0.091638
1 0.842149 0.610383 0.045340 0.087473
1 0.898825 0.595804 0.076406 0.087473
1 0.948363 0.593721 0.036104 0.104135
1 0.979849 0.574977 0.040302 0.108300
1 0.905961 0.684318 0.083963 0.110383
1 0.853484 0.697856 0.046180 0.070811
1 0.815281 0.689525 0.050378 0.099969
1 0.778757 0.698897 0.049538 0.089556
1 0.751050 0.693690 0.052897 0.112465
1 0.685558 0.711393 0.079765 0.093721
1 0.613350 0.713476 0.104954 0.106217
1 0.527708 0.717641 0.094878 0.089556
1 0.445004 0.720765 0.092359 0.099969
1 0.390008 0.717641 0.044500 0.097886
1 0.353904 0.722848 0.049538 0.091638
1 0.319060 0.729096 0.058774 0.087473
1 0.278338 0.730137 0.051217 0.085390
1 0.216625 0.729096 0.082284 0.099969
1 0.151553 0.734303 0.079765 0.077060
1 0.102015 0.734303 0.031066 0.093721
1 0.026868 0.818652 0.045340 0.112465
1 0.062972 0.818652 0.035264 0.095804
1 0.094458 0.824900 0.039463 0.087473
1 0.147775 0.831148 0.068850 0.091638
1 0.219144 0.818652 0.083963 0.104135
1 0.274559 0.817610 0.047019 0.097886
1 0.314861 0.823858 0.040302 0.089556
1 0.349286 0.814486 0.047019 0.099969
1 0.391268 0.821776 0.041982 0.102052
1 0.450882 0.828024 0.073887 0.093721
1 0.525189 0.807197 0.093199 0.106217
1 0.610411 0.811362 0.085642 0.085390
1 0.690596 0.803031 0.089840 0.089556
1 0.749790 0.789494 0.067170 0.104135
1 0.789673 0.790535 0.047859 0.093721
1 0.828715 0.793659 0.048699 0.112465
1 0.866919 0.783246 0.041142 0.108300
1 0.910579 0.781163 0.071369 0.120796
