1 0.039882 0.197785 0.026029 0.059080
1 0.066751 0.193240 0.031066 0.059080
1 0.099076 0.183015 0.028547 0.061352
1 0.129303 0.181879 0.028547 0.063624
1 0.164568 0.184151 0.031906 0.063624
1 0.196054 0.178470 0.029387 0.065897
1 0.225861 0.173926 0.028547 0.065897
1 0.261545 0.167109 0.041142 0.079530
1 0.299328 0.145522 0.031066 0.063624
1 0.335432 0.136433 0.037783 0.063624
1 0.368178 0.147794 0.039463 0.063624
1 0.404702 0.144386 0.033585 0.070441
1 0.441646 0.138705 0.036944 0.054535
1 0.478589 0.133024 0.040302 0.070441
1 0.517632 0.133024 0.036104 0.070441
1 0.551217 0.110301 0.037783 0.084075
1 0.591100 0.105757 0.043661 0.065897
1 0.629303 0.109165 0.042821 0.072713
1 0.667086 0.113710 0.037783 0.072713
1 0.706129 0.119391 0.041982 0.079530
1 0.743073 0.112574 0.041982 0.079530
1 0.777078 0.117118 0.032746 0.070441
1 0.820319 0.106893 0.035264 0.068169
1 0.854744 0.109165 0.038623 0.068169
1 0.884551 0.110301 0.034425 0.079530
1 0.919395 0.114846 0.035264 0.079530
1 0.952981 0.120527 0.035264 0.068169
1 0.976910 0.121663 0.027708 0.070441
1 0.040302 0.260273 0.028547 0.052263
1 0.068850 0.247775 0.026868 0.063624
1 0.098657 0.245503 0.027708 0.063624
1 0.128883 0.244367 0.039463 0.061352
1 0.159950 0.242094 0.036104 0.056807
1 0.193955 0.237550 0.031906 0.061352
1 0.231318 0.239822 0.039463 0.070441
1 0.264903 0.239822 0.037783 0.061352
1 0.297229 0.210282 0.040302 0.061352
1 0.333333 0.213691 0.045340 0.063624
1 0.367758 0.211418 0.036944 0.059080
1 0.400924 0.203465 0.046180 0.065897
1 0.438707 0.205738 0.047859 0.070441
1 0.481528 0.204602 0.041142 0.072713
1 0.517212 0.206874 0.036944 0.072713
1 0.551637 0.175062 0.045340 0.063624
1 0.592359 0.181879 0.044500 0.068169
1 0.630563 0.179606 0.036944 0.081803
1 0.667926 0.179606 0.041142 0.068169
1 0.707389 0.189832 0.032746 0.061352
1 0.741394 0.190968 0.035264 0.077258
1 0.772460 0.184151 0.040302 0.063624
1 0.816121 0.172789 0.038623 0.068169
1 0.850966 0.175062 0.037783 0.063624
1 0.885390 0.180743 0.034425 0.070441
1 0.921075 0.184151 0.028547 0.054535
1 0.946264 0.183015 0.033585 0.056807
1 0.977750 0.190968 0.032746 0.059080
1 0.037783 0.326169 0.035264 0.065897
2 0.067170 0.319353 0.031906 0.061352
1 0.098657 0.313672 0.029387 0.068169
2 0.126784 0.310263 0.041982 0.079530
1 0.164148 0.306855 0.041142 0.077258
1 0.198153 0.309127 0.036944 0.063624
1 0.230479 0.309127 0.034425 0.063624
1 0.261545 0.302310 0.044500 0.072713
1 0.301008 0.280724 0.034425 0.061352
1 0.332914 0.273907 0.041142 0.065897
1 0.367758 0.279587 0.030227 0.063624
1 0.402183 0.277315 0.035264 0.068169
1 0.443745 0.281860 0.039463 0.072713
1 0.479849 0.284132 0.042821 0.077258
1 0.516373 0.276179 0.033585 0.065897
1 0.552477 0.256864 0.040302 0.054535
1 0.594878 0.252320 0.041142 0.068169
1 0.632242 0.258001 0.036944 0.070441
1 0.665827 0.253456 0.043661 0.088620
1 0.701931 0.253456 0.045340 0.093164
1 0.738875 0.244367 0.038623 0.074986
1 0.774979 0.246639 0.041982 0.074986
1 0.814022 0.238686 0.036104 0.072713
1 0.848866 0.246639 0.036944 0.070441
1 0.882452 0.240958 0.038623 0.077258
1 0.918976 0.243231 0.039463 0.072713
1 0.948783 0.248911 0.033585 0.070441
1 0.974811 0.252320 0.035264 0.072713
1 0.036524 0.395474 0.032746 0.077258
1 0.069270 0.378432 0.041142 0.061352
1 0.102015 0.372751 0.036104 0.063624
1 0.128044 0.373888 0.034425 0.074986
1 0.164568 0.373888 0.040302 0.065897
1 0.198153 0.370479 0.043661 0.077258
1 0.231738 0.375024 0.033585 0.063624
1 0.265323 0.371615 0.035264 0.074986
1 0.296390 0.346620 0.040302 0.070441
1 0.334173 0.343212 0.038623 0.068169
1 0.368598 0.342075 0.043661 0.079530
1 0.407221 0.342075 0.038623 0.079530
1 0.447103 0.353437 0.036104 0.065897
1 0.481528 0.337531 0.032746 0.084075
1 0.517212 0.339803 0.041982 0.074986
1 0.549958 0.323897 0.043661 0.074986
1 0.592779 0.317080 0.041982 0.074986
1 0.629723 0.329578 0.040302 0.072713
1 0.666667 0.315944 0.040302 0.072713
1 0.703191 0.319353 0.039463 0.074986
1 0.737615 0.320489 0.042821 0.081803
1 0.779177 0.326169 0.033585 0.074986
1 0.811503 0.311399 0.042821 0.072713
1 0.849706 0.310263 0.035264 0.065897
1 0.882032 0.312536 0.036104 0.061352
1 0.915617 0.307991 0.036104 0.074986
1 0.946264 0.318216 0.038623 0.068169
1 0.977750 0.321625 0.027708 0.061352
1 0.038623 0.471596 0.030227 0.070441
1 0.067590 0.445465 0.037783 0.054535
1 0.096138 0.447737 0.031066 0.059080
1 0.127624 0.443193 0.035264 0.063624
1 0.162049 0.442056 0.033585 0.070441
1 0.193955 0.435240 0.036944 0.070441
1 0.230479 0.438648 0.034425 0.068169
1 0.263644 0.437512 0.040302 0.070441
1 0.298069 0.422742 0.033585 0.072713
1 0.330814 0.415925 0.041982 0.077258
1 0.367338 0.415925 0.042821 0.068169
1 0.403442 0.414789 0.041142 0.065897
1 0.441646 0.412517 0.038623 0.065897
1 0.475231 0.411380 0.043661 0.081803
1 0.514274 0.409108 0.041142 0.077258
1 0.554156 0.393202 0.038623 0.077258
1 0.594039 0.393202 0.046180 0.072713
1 0.632662 0.398883 0.036104 0.070441
1 0.667926 0.396611 0.037783 0.074986
1 0.704450 0.389794 0.038623 0.079530
1 0.740554 0.394338 0.041982 0.065897
1 0.778757 0.400019 0.034425 0.072713
1 0.816121 0.386385 0.045340 0.077258
1 0.851385 0.386385 0.031906 0.063624
1 0.882872 0.382977 0.036104 0.070441
1 0.914358 0.386385 0.038623 0.081803
1 0.950882 0.390930 0.036104 0.081803
1 0.978589 0.386385 0.027708 0.072713
1 0.038203 0.519315 0.031066 0.065897
1 0.067170 0.495455 0.028547 0.059080
1 0.099076 0.505681 0.033585 0.074986
1 0.131822 0.506817 0.030227 0.054535
1 0.161629 0.507953 0.036104 0.065897
1 0.196893 0.503408 0.036104 0.070441
1 0.230479 0.503408 0.031066 0.061352
1 0.261545 0.507953 0.039463 0.065897
1 0.300588 0.487502 0.031906 0.065897
1 0.334173 0.480685 0.035264 0.070441
1 0.369857 0.481822 0.042821 0.081803
1 0.410579 0.482958 0.031906 0.065897
1 0.441646 0.484094 0.035264 0.068169
1 0.477750 0.481822 0.040302 0.081803
1 0.514694 0.484094 0.045340 0.081803
1 0.557515 0.472732 0.040302 0.068169
1 0.593619 0.462507 0.040302 0.070441
1 0.632662 0.463643 0.041142 0.072713
1 0.668766 0.463643 0.039463 0.059080
1 0.704870 0.457963 0.041142 0.070441
1 0.736776 0.459099 0.037783 0.068169
1 0.779597 0.473869 0.034425 0.074986
1 0.037364 0.584075 0.027708 0.059080
1 0.069270 0.570441 0.031066 0.059080
1 0.099076 0.578394 0.028547 0.061352
1 0.132662 0.574986 0.031906 0.059080
1 0.163308 0.568169 0.036104 0.072713
1 0.197313 0.569305 0.036944 0.074986
1 0.228380 0.570441 0.038623 0.072713
1 0.261545 0.565897 0.041142 0.077258
1 0.295130 0.559080 0.036104 0.063624
1 0.333753 0.547718 0.051217 0.072713
1 0.369857 0.552263 0.036104 0.072713
1 0.403023 0.547718 0.047019 0.077258
1 0.442485 0.549990 0.038623 0.072713
1 0.479009 0.553399 0.046180 0.074986
1 0.513854 0.544310 0.047019 0.079530
1 0.555416 0.529540 0.041142 0.068169
1 0.591100 0.528404 0.040302 0.074986
1 0.628463 0.522723 0.037783 0.068169
1 0.665827 0.530676 0.040302 0.074986
1 0.702771 0.528404 0.038623 0.065897
1 0.736776 0.532948 0.036104 0.074986
1 0.776238 0.539765 0.034425 0.084075
1 0.813602 0.442056 0.036944 0.084075
1 0.851805 0.452282 0.034425 0.068169
1 0.881192 0.446601 0.031066 0.070441
1 0.815281 0.522723 0.038623 0.072713
1 0.852645 0.523859 0.037783 0.088620
1 0.890008 0.521587 0.030227 0.061352
1 0.811923 0.601117 0.047019 0.061352
1 0.848027 0.596573 0.030227 0.052263
1 0.888329 0.594300 0.038623 0.065897
1 0.770361 0.596573 0.049538 0.070441
1 0.740554 0.603389 0.048699 0.065897
1 0.700672 0.601117 0.044500 0.074986
1 0.664987 0.596573 0.038623 0.070441
1 0.627624 0.595436 0.049538 0.068169
1 0.588161 0.602253 0.042821 0.072713
1 0.551637 0.596573 0.047019 0.065897
1 0.516373 0.606798 0.045340 0.063624
1 0.476490 0.621568 0.047859 0.079530
1 0.441646 0.628385 0.038623 0.065897
1 0.402603 0.617023 0.042821 0.070441
1 0.364819 0.620432 0.051217 0.086347
1 0.331234 0.613615 0.049538 0.086347
1 0.297649 0.627249 0.041142 0.072713
1 0.267422 0.636338 0.042821 0.063624
1 0.231738 0.632929 0.043661 0.070441
1 0.195214 0.640882 0.039463 0.063624
1 0.161629 0.644291 0.041142 0.061352
1 0.128883 0.631793 0.036104 0.077258
1 0.100756 0.636338 0.040302 0.059080
1 0.071788 0.639746 0.029387 0.065897
1 0.031066 0.652244 0.033585 0.081803
1 0.036104 0.713596 0.026868 0.059080
1 0.071788 0.704507 0.032746 0.063624
1 0.095298 0.706779 0.031066 0.054535
1 0.126784 0.703370 0.031906 0.056807
1 0.169605 0.714732 0.030227 0.065897
1 0.196054 0.712460 0.032746 0.061352
1 0.232997 0.704507 0.032746 0.081803
1 0.269102 0.698826 0.042821 0.074986
1 0.301008 0.692009 0.036104 0.074986
1 0.335852 0.685192 0.041982 0.070441
1 0.373216 0.692009 0.032746 0.065897
1 0.409320 0.695417 0.039463 0.077258
1 0.446264 0.688601 0.037783 0.063624
1 0.481108 0.696554 0.040302 0.061352
1 0.516373 0.682920 0.036944 0.079530
1 0.556675 0.677239 0.045340 0.077258
1 0.594039 0.670422 0.037783 0.068169
1 0.634761 0.672694 0.038623 0.081803
1 0.672124 0.679511 0.031066 0.068169
1 0.704870 0.674967 0.036104 0.081803
1 0.751050 0.696554 0.036104 0.079530
1 0.066751 0.763586 0.036104 0.063624
1 0.102435 0.771539 0.031906 0.052263
1 0.133501 0.771539 0.030227 0.074986
1 0.167506 0.777220 0.036104 0.068169
1 0.200252 0.777220 0.029387 0.072713
1 0.231738 0.778356 0.036944 0.056807
1 0.267422 0.778356 0.031066 0.065897
1 0.298069 0.762450 0.031906 0.079530
1 0.332074 0.752225 0.036104 0.059080
1 0.368178 0.759042 0.039463 0.081803
1 0.403862 0.752225 0.038623 0.077258
1 0.439127 0.746544 0.047019 0.070441
1 0.477330 0.751089 0.042821 0.074986
1 0.521830 0.757906 0.034425 0.065897
1 0.562552 0.748816 0.052057 0.070441
1 0.597817 0.744272 0.036944 0.070441
1 0.632662 0.743136 0.046180 0.072713
1 0.671704 0.749952 0.038623 0.063624
1 0.705709 0.751089 0.036104 0.088620
1 0.066331 0.827211 0.041982 0.072713
1 0.097817 0.841980 0.039463 0.079530
1 0.131402 0.843117 0.036104 0.077258
1 0.161209 0.846525 0.035264 0.070441
1 0.191436 0.849933 0.035264 0.063624
1 0.222082 0.843117 0.037783 0.086347
1 0.261965 0.845389 0.036944 0.077258
1 0.297649 0.836300 0.037783 0.068169
1 0.325357 0.837436 0.047859 0.079530
1 0.365659 0.824938 0.049538 0.072713
1 0.408480 0.832891 0.039463 0.084075
1 0.444584 0.830619 0.044500 0.079530
1 0.481528 0.828347 0.041142 0.074986
1 0.520991 0.830619 0.042821 0.074986
1 0.560034 0.806760 0.048699 0.072713
1 0.595718 0.822666 0.042821 0.072713
1 0.631822 0.812441 0.044500 0.084075
1 0.673384 0.813577 0.040302 0.086347
1 0.705290 0.819257 0.030227 0.079530
1 0.091100 0.909013 0.032746 0.068169
1 0.122586 0.909013 0.023510 0.054535
1 0.155751 0.914694 0.036104 0.070441
1 0.189337 0.912422 0.039463 0.074986
1 0.225861 0.915830 0.038623 0.072713
1 0.260705 0.918102 0.032746 0.059080
1 0.301847 0.912422 0.044500 0.093164
1 0.334173 0.898788 0.033585 0.084075
1 0.366499 0.894243 0.046180 0.097709
1 0.403023 0.902196 0.043661 0.086347
1 0.440806 0.893107 0.040302 0.095436
1 0.479429 0.896516 0.045340 0.093164
1 0.516793 0.899924 0.049538 0.099981
1 0.553736 0.884018 0.042821 0.090892
1 0.591520 0.895379 0.044500 0.086347
1 0.629723 0.898788 0.036944 0.097709
1 0.673804 0.890835 0.046180 0.104526
1 0.710747 0.886290 0.039463 0.095436
