0 0.013836 0.859728 0.021226 0.034653
0 0.032901 0.859109 0.016116 0.033415
0 0.047642 0.859109 0.012579 0.034653
0 0.014230 0.815484 0.022013 0.050123
0 0.032901 0.816102 0.015330 0.050123
0 0.047248 0.816721 0.012579 0.047648
0 0.013640 0.763813 0.020833 0.053217
0 0.031918 0.764123 0.015723 0.052598
0 0.047052 0.765979 0.012186 0.055074
0 0.013050 0.709977 0.022799 0.051980
0 0.032311 0.710596 0.013365 0.048267
0 0.045283 0.711524 0.014151 0.050123
0 0.013443 0.659235 0.020440 0.049504
0 0.031525 0.661711 0.012579 0.045792
0 0.045480 0.662639 0.012972 0.047648
0 0.012657 0.608803 0.018868 0.046410
0 0.030542 0.610659 0.014544 0.048886
0 0.045480 0.612206 0.014544 0.049504
0 0.012657 0.556328 0.018868 0.051361
0 0.030936 0.560041 0.015330 0.048886
0 0.044693 0.561897 0.009827 0.047648
0 0.012609 0.506485 0.019654 0.046172
0 0.030600 0.509579 0.016328 0.047600
0 0.043904 0.513625 0.011490 0.045220
0 0.011853 0.454839 0.020561 0.055216
0 0.029542 0.457695 0.013607 0.053312
0 0.042997 0.460789 0.011490 0.049028
0 0.011399 0.400765 0.019654 0.051408
0 0.028332 0.405763 0.013607 0.049028
0 0.042241 0.411713 0.012397 0.048552
0 0.011097 0.349595 0.019049 0.049980
0 0.029088 0.355545 0.015119 0.049504
0 0.043148 0.360781 0.013002 0.050456
0 0.011248 0.298234 0.018747 0.048552
0 0.027727 0.303708 0.013607 0.050932
0 0.042090 0.309420 0.013909 0.049028
0 0.010492 0.247825 0.019654 0.051884
0 0.028332 0.252347 0.014211 0.049504
0 0.042090 0.259011 0.011490 0.049504
0 0.009585 0.196178 0.017840 0.048552
0 0.027879 0.203319 0.015723 0.044744
0 0.041334 0.209269 0.011792 0.046172
0 0.056453 0.430325 0.015421 0.042364
0 0.057360 0.474355 0.016026 0.042840
0 0.057209 0.519099 0.015723 0.043792
0 0.057209 0.563606 0.015119 0.041412
0 0.058872 0.607874 0.013002 0.043316
0 0.059174 0.650952 0.015421 0.040936
0 0.059779 0.693555 0.013607 0.041412
0 0.059627 0.739346 0.016328 0.044268
0 0.060081 0.782425 0.013607 0.041888
0 0.060837 0.827169 0.015723 0.044744
0 0.086387 0.429611 0.044448 0.048552
0 0.087294 0.474307 0.041425 0.041412
0 0.087446 0.518338 0.043541 0.043792
0 0.087748 0.563082 0.044146 0.042840
0 0.087446 0.606970 0.042937 0.042840
0 0.088655 0.651476 0.041727 0.043316
0 0.088806 0.696030 0.042030 0.044268
0 0.088201 0.740251 0.041425 0.044744
0 0.088504 0.782615 0.042030 0.039984
0 0.089411 0.824503 0.041425 0.043792
0 0.062651 0.862631 0.016328 0.025228
1 0.091528 0.859775 0.039611 0.025228
1 0.117834 0.427136 0.022073 0.041888
1 0.117683 0.472118 0.022375 0.047124
1 0.117834 0.517243 0.023283 0.042364
1 0.118136 0.560083 0.023283 0.042364
1 0.118439 0.603400 0.023283 0.043316
1 0.118439 0.646240 0.023887 0.041412
1 0.118741 0.689699 0.023887 0.043792
1 0.118892 0.732064 0.024190 0.038080
1 0.119194 0.772905 0.024794 0.041888
1 0.119043 0.820029 0.024492 0.050456
1 0.121916 0.859061 0.022375 0.025704
2 0.159047 0.558989 0.058660 0.042840
0 0.160105 0.426374 0.061986 0.040936
0 0.159954 0.470880 0.062288 0.046172
0 0.160408 0.515149 0.061381 0.041412
0 0.161164 0.604495 0.061079 0.045696
0 0.161768 0.649715 0.061684 0.044744
0 0.161768 0.694221 0.062288 0.042364
0 0.162373 0.735538 0.062893 0.049980
0 0.163280 0.779331 0.062288 0.049028
0 0.163280 0.822409 0.062893 0.045696
0 0.209240 0.422804 0.034470 0.045220
0 0.209543 0.466358 0.034470 0.049504
0 0.209392 0.511103 0.034168 0.046648
0 0.208485 0.556323 0.035377 0.047600
0 0.210148 0.601543 0.035680 0.049504
0 0.210601 0.645336 0.035982 0.050456
0 0.211055 0.688271 0.034470 0.047600
0 0.211811 0.732302 0.034168 0.046172
0 0.212264 0.776522 0.035075 0.048552
0 0.212567 0.819839 0.035075 0.046648
1 0.164943 0.858585 0.062591 0.023800
1 0.213322 0.856681 0.034168 0.024752
1 0.244648 0.854539 0.026306 0.027132
1 0.274734 0.852873 0.033261 0.027608
1 0.308116 0.851683 0.033261 0.026180
0 0.242804 0.817173 0.025399 0.046648
0 0.242652 0.771001 0.025097 0.045696
0 0.242804 0.727970 0.024794 0.045696
0 0.241745 0.684225 0.025097 0.050932
0 0.241443 0.639005 0.025701 0.049980
0 0.241594 0.596164 0.026004 0.047124
2 0.240687 0.553515 0.027213 0.049980
0 0.239780 0.506914 0.026609 0.050456
0 0.239629 0.462645 0.026306 0.050456
0 0.239175 0.417663 0.025399 0.047124
0 0.268354 0.416473 0.032958 0.049504
0 0.269261 0.463121 0.035377 0.045696
0 0.269715 0.506914 0.035075 0.043792
0 0.270319 0.551182 0.033261 0.045696
0 0.270017 0.593784 0.033866 0.045220
0 0.270470 0.639862 0.035377 0.048076
0 0.270319 0.684130 0.035075 0.047124
0 0.270319 0.727541 0.035075 0.044268
0 0.271378 0.771810 0.034773 0.046172
0 0.273041 0.817744 0.033261 0.044744
0 0.307057 0.814412 0.033563 0.046648
0 0.305848 0.768954 0.033563 0.044268
0 0.305243 0.726209 0.033563 0.041412
0 0.304638 0.682178 0.032958 0.044744
1 0.303852 0.637482 0.029935 0.044268
1 0.336690 0.851302 0.024492 0.027132
2 0.378266 0.849874 0.056846 0.028084
0 0.336538 0.814412 0.025399 0.047600
0 0.377510 0.811794 0.055939 0.046172
0 0.335783 0.767288 0.025097 0.045696
0 0.377358 0.766574 0.057450 0.046172
0 0.335329 0.723495 0.025399 0.042840
0 0.376603 0.722543 0.055939 0.043792
0 0.335299 0.679227 0.025701 0.044744
0 0.377026 0.678037 0.055939 0.045220
1 0.437500 0.848684 0.060172 0.025704
1 0.483612 0.847970 0.031447 0.026180
0 0.437198 0.811318 0.061986 0.047124
0 0.437288 0.765527 0.061684 0.045220
0 0.436230 0.720306 0.061986 0.044268
0 0.436079 0.676514 0.061684 0.044268
1 0.484277 0.811175 0.030842 0.047600
0 0.484277 0.764765 0.032051 0.045220
1 0.483974 0.720021 0.032656 0.043316
1 0.483823 0.675990 0.032354 0.044744
1 0.333847 0.633721 0.028725 0.044744
1 0.376330 0.631579 0.055636 0.047124
1 0.435746 0.629913 0.063195 0.046648
1 0.483672 0.630151 0.032656 0.047124
0 0.303701 0.591595 0.032051 0.045220
0 0.334240 0.589929 0.027818 0.042840
0 0.376724 0.587073 0.055334 0.044744
0 0.435383 0.584931 0.061381 0.044268
1 0.483672 0.583503 0.033261 0.046172
1 0.303308 0.546850 0.031749 0.045220
1 0.332638 0.544946 0.027516 0.046172
1 0.374819 0.542566 0.055636 0.049028
1 0.432874 0.538996 0.058660 0.049504
1 0.481072 0.536616 0.036284 0.047600
1 0.303429 0.500202 0.031144 0.047124
1 0.332759 0.499012 0.026911 0.046648
1 0.375091 0.495442 0.055939 0.043316
1 0.433418 0.492824 0.059265 0.039984
1 0.481041 0.491396 0.035982 0.041888
1 0.303701 0.453697 0.030842 0.045696
1 0.332880 0.452745 0.027516 0.046648
1 0.374758 0.450602 0.056241 0.046172
1 0.433448 0.449412 0.060172 0.046648
1 0.480769 0.446556 0.033261 0.047600
1 0.303278 0.411237 0.030842 0.039032
1 0.332789 0.409571 0.027818 0.039508
1 0.374214 0.407429 0.055636 0.039032
1 0.432239 0.402431 0.060172 0.046172
1 0.480164 0.399099 0.034470 0.045220
1 0.479530 0.354355 0.035377 0.043316
1 0.431150 0.358877 0.060776 0.039032
1 0.371734 0.364589 0.056846 0.045696
1 0.330007 0.366731 0.026609 0.044268
2 0.301282 0.369587 0.030237 0.044268
2 0.301675 0.324795 0.030539 0.044744
2 0.301675 0.280669 0.031144 0.042364
2 0.301524 0.235687 0.030842 0.044744
2 0.301070 0.189134 0.029935 0.045696
1 0.330854 0.322415 0.027818 0.041888
1 0.330249 0.278622 0.026609 0.042840
1 0.330400 0.234830 0.026911 0.044744
1 0.329947 0.187706 0.027213 0.047600
1 0.372883 0.320749 0.055636 0.041412
1 0.371976 0.277670 0.056846 0.043792
1 0.372732 0.231260 0.055939 0.046172
1 0.372279 0.183660 0.056241 0.049028
1 0.431543 0.315275 0.061079 0.044744
1 0.432148 0.269816 0.062288 0.046172
1 0.431997 0.225786 0.061381 0.039984
1 0.431392 0.180566 0.061986 0.047600
1 0.479620 0.311895 0.033866 0.040460
1 0.479469 0.268341 0.031144 0.044744
1 0.478864 0.224548 0.031144 0.042840
1 0.478108 0.179328 0.029632 0.046648
0 0.526407 0.070502 0.040010 0.054366
0 0.526617 0.020996 0.039589 0.041992
0 0.526407 0.180229 0.038325 0.051051
0 0.527460 0.234927 0.040431 0.054366
0 0.527881 0.291945 0.040431 0.057018
0 0.528723 0.348301 0.040431 0.053040
0 0.529144 0.402004 0.039589 0.054366
0 0.530408 0.457697 0.040431 0.054366
0 0.573071 0.019007 0.051803 0.038014
0 0.574335 0.067850 0.054330 0.054366
0 0.573913 0.179234 0.055172 0.051714
0 0.575430 0.235059 0.053487 0.055692
0 0.575851 0.289094 0.053487 0.051051
0 0.575640 0.344787 0.053066 0.052377
0 0.577072 0.399617 0.053066 0.054366
0 0.577283 0.455973 0.055172 0.054366
0 0.635066 0.015692 0.072861 0.031384
0 0.636961 0.062214 0.071597 0.056355
0 0.636961 0.119232 0.073282 0.052377
0 0.638435 0.174262 0.071176 0.055029
0 0.638435 0.228960 0.071176 0.055692
0 0.638646 0.285978 0.071597 0.058344
0 0.639488 0.342334 0.073282 0.055692
0 0.640330 0.393849 0.071597 0.060333
0 0.640751 0.451199 0.069070 0.059670
0 0.576735 0.510273 0.057278 0.053703
0 0.642015 0.505963 0.071597 0.055692
0 0.577156 0.564639 0.053908 0.052377
0 0.641594 0.561656 0.072439 0.050388
0 0.578420 0.621989 0.058120 0.055692
0 0.530618 0.566297 0.036641 0.053040
0 0.530829 0.623978 0.036220 0.060996
0 0.531671 0.679074 0.038747 0.053703
0 0.533566 0.733772 0.040010 0.054366
0 0.579136 0.678080 0.054330 0.053040
0 0.580820 0.733109 0.053487 0.054366
1 0.533019 0.790459 0.039589 0.055029
1 0.581452 0.790791 0.055593 0.057018
1 0.533440 0.846151 0.040431 0.053703
1 0.582084 0.846151 0.056014 0.051051
1 0.533651 0.902175 0.038325 0.058344
1 0.582084 0.899855 0.056856 0.055029
0 0.642983 0.619138 0.072861 0.059007
0 0.643615 0.677814 0.074124 0.057018
0 0.644458 0.733507 0.073282 0.057018
1 0.645089 0.788868 0.072861 0.055029
1 0.646353 0.845555 0.071176 0.055692
1 0.647406 0.899590 0.070755 0.051051
0 0.697102 0.058236 0.048854 0.057681
0 0.697313 0.116249 0.049276 0.055692
0 0.698366 0.170615 0.048854 0.053040
0 0.698998 0.225645 0.048433 0.053040
0 0.699208 0.279017 0.049697 0.059007
0 0.700051 0.337295 0.048854 0.057018
0 0.700682 0.392324 0.047591 0.058344
0 0.701525 0.448680 0.048433 0.059670
0 0.702577 0.502715 0.047170 0.061659
0 0.703209 0.562054 0.048433 0.058344
0 0.703630 0.617348 0.048433 0.059670
0 0.704894 0.673041 0.048433 0.054366
0 0.705315 0.730324 0.048433 0.057018
0 0.705526 0.788669 0.048012 0.057018
0 0.705736 0.843035 0.047591 0.051714
0 0.756065 0.053263 0.068228 0.059670
0 0.757539 0.109287 0.069491 0.057681
0 0.756696 0.166969 0.066964 0.057681
0 0.759013 0.219015 0.070755 0.055692
0 0.758802 0.276033 0.070334 0.057018
0 0.759434 0.333980 0.069912 0.059670
0 0.760276 0.389672 0.069070 0.058344
0 0.760276 0.444039 0.068228 0.057018
0 0.761119 0.500063 0.069912 0.055029
0 0.763224 0.556750 0.069912 0.053040
0 0.763014 0.613105 0.067807 0.054366
0 0.763856 0.669461 0.069491 0.055692
0 0.764698 0.727142 0.069491 0.055692
0 0.764488 0.784492 0.068228 0.055029
1 0.766383 0.843499 0.070334 0.057681
0 0.809973 0.047628 0.038747 0.064312
0 0.810605 0.104978 0.041695 0.057018
0 0.811658 0.160339 0.041274 0.060333
0 0.812921 0.216031 0.039589 0.059007
0 0.812289 0.270597 0.040010 0.060996
0 0.813132 0.327615 0.040010 0.060996
0 0.814185 0.384965 0.040431 0.061659
0 0.814395 0.441652 0.038325 0.058344
0 0.816080 0.496681 0.039168 0.060996
0 0.816922 0.553832 0.040010 0.058344
0 0.816922 0.610188 0.041695 0.059670
0 0.818396 0.665549 0.039589 0.057681
0 0.818396 0.722899 0.039589 0.060996
0 0.819660 0.779254 0.039589 0.055692
0 0.820502 0.837267 0.038747 0.055029
0 0.854826 0.043981 0.046749 0.057018
0 0.855879 0.102326 0.048012 0.057018
0 0.855879 0.157687 0.047170 0.053703
0 0.857143 0.213711 0.048012 0.057018
0 0.858196 0.269403 0.050960 0.057018
0 0.857564 0.325560 0.048854 0.055029
0 0.858406 0.381252 0.048012 0.056355
0 0.858827 0.435950 0.048854 0.055692
0 0.859459 0.492637 0.046749 0.056355
1 0.861776 0.550849 0.048012 0.053703
0 0.861986 0.608199 0.047591 0.053040
0 0.862618 0.664687 0.048854 0.055692
0 0.863881 0.721175 0.049697 0.053040
0 0.864092 0.777862 0.049276 0.055029
0 0.864092 0.834549 0.049276 0.054366