2 0.656171 0.059490 0.034425 0.076503
2 0.693535 0.060724 0.036944 0.059228
2 0.720823 0.074297 0.026029 0.076503
2 0.743073 0.077999 0.026868 0.064164
2 0.769941 0.079233 0.030227 0.086374
2 0.803526 0.097742 0.047019 0.054293
2 0.843409 0.106379 0.039463 0.071567
2 0.875315 0.123654 0.029387 0.051825
2 0.901763 0.121186 0.026868 0.051825
2 0.922754 0.117484 0.028547 0.074035
2 0.467254 0.119952 0.032746 0.054293
2 0.508816 0.134759 0.053736 0.054293
2 0.559194 0.138461 0.048699 0.051825
2 0.593199 0.144631 0.026029 0.049357
2 0.615029 0.153268 0.032746 0.056760
2 0.637280 0.152034 0.026868 0.044421
2 0.662469 0.103911 0.030227 0.061696
2 0.694794 0.122420 0.037783 0.059228
2 0.725021 0.132292 0.027708 0.069100
2 0.751469 0.139695 0.026868 0.059228
2 0.769521 0.133525 0.026029 0.061696
2 0.810663 0.155736 0.047859 0.071567
2 0.851805 0.161906 0.044500 0.064164
2 0.885390 0.174245 0.034425 0.064164
2 0.906801 0.176713 0.025189 0.054293
2 0.926532 0.182882 0.026029 0.061696
2 0.465575 0.171777 0.019312 0.064164
2 0.505458 0.193988 0.055416 0.069100
2 0.557515 0.202625 0.053736 0.081439
2 0.594039 0.211262 0.024349 0.059228
2 0.613350 0.214964 0.029387 0.066632
2 0.638119 0.214964 0.031906 0.076503
2 0.658270 0.161906 0.033585 0.059228
2 0.695214 0.173011 0.057095 0.076503
2 0.727960 0.185350 0.031906 0.066632
2 0.753149 0.191520 0.028547 0.069100
2 0.777918 0.195221 0.027708 0.066632
2 0.811923 0.212496 0.047019 0.076503
2 0.849286 0.213730 0.051217 0.064164
2 0.888749 0.231005 0.041142 0.069100
2 0.913938 0.237175 0.027708 0.066632
2 0.934089 0.242110 0.026029 0.046889
2 0.662049 0.221134 0.036104 0.074035
2 0.699832 0.231005 0.049538 0.059228
2 0.734677 0.248280 0.030227 0.064164
2 0.756927 0.245812 0.032746 0.083907
2 0.784635 0.253216 0.029387 0.054293
2 0.815701 0.256918 0.047859 0.071567
2 0.862720 0.281596 0.044500 0.071567
2 0.893367 0.280362 0.040302 0.064164
2 0.921914 0.288999 0.031906 0.071567
2 0.944584 0.290233 0.023510 0.054293
2 0.465575 0.239643 0.024349 0.071567
2 0.502939 0.254450 0.057095 0.076503
2 0.558354 0.259385 0.055416 0.076503
2 0.596138 0.269257 0.026868 0.066632
2 0.613350 0.276660 0.026029 0.051825
2 0.636020 0.275426 0.032746 0.059228
2 0.664987 0.290233 0.036944 0.064164
2 0.702351 0.288999 0.046180 0.071567
2 0.738035 0.300105 0.023510 0.044421
2 0.761545 0.301339 0.033585 0.071567
2 0.789673 0.313678 0.027708 0.056760
2 0.823678 0.318614 0.053736 0.076503
2 0.863140 0.327251 0.047019 0.059228
2 0.900084 0.338356 0.040302 0.076503
2 0.924853 0.348228 0.026029 0.056760
2 0.947523 0.345760 0.022670 0.046889
2 0.435768 0.291467 0.028547 0.056760
2 0.410579 0.288999 0.033585 0.066632
2 0.374055 0.285298 0.051217 0.074035
2 0.328296 0.279128 0.053736 0.061696
2 0.295550 0.270491 0.038623 0.064164
2 0.266583 0.268023 0.037783 0.064164
2 0.239715 0.270491 0.034425 0.054293
2 0.219144 0.260619 0.041982 0.059228
2 0.190596 0.260619 0.038623 0.059228
2 0.172544 0.254450 0.039463 0.061696
2 0.145676 0.245812 0.049538 0.069100
2 0.118388 0.245812 0.047019 0.054293
2 0.087322 0.248280 0.041982 0.069100
2 0.059194 0.243344 0.037783 0.064164
2 0.041982 0.300105 0.047019 0.078971
2 0.070949 0.306274 0.029387 0.076503
2 0.103275 0.312444 0.033585 0.059228
2 0.137699 0.319848 0.043661 0.069100
2 0.162888 0.319848 0.030227 0.064164
2 0.184719 0.330953 0.033585 0.071567
2 0.208648 0.328485 0.037783 0.071567
2 0.234677 0.333421 0.024349 0.061696
2 0.259866 0.339590 0.031066 0.064164
2 0.287154 0.338356 0.035264 0.081439
2 0.326196 0.350696 0.056255 0.086374
2 0.374895 0.361801 0.054576 0.074035
2 0.409740 0.359333 0.026868 0.059228
2 0.441646 0.367970 0.031906 0.066632
2 0.037783 0.367970 0.036944 0.056760
2 0.066751 0.372906 0.031066 0.056760
2 0.098657 0.381544 0.036104 0.059228
2 0.125105 0.379076 0.043661 0.069100
2 0.151553 0.382777 0.029387 0.056760
2 0.175063 0.386479 0.036104 0.069100
2 0.201092 0.396351 0.032746 0.054293
2 0.230479 0.406222 0.036104 0.074035
2 0.251469 0.402520 0.036104 0.061696
2 0.281696 0.404988 0.041142 0.066632
2 0.317800 0.418561 0.057935 0.059228
2 0.371956 0.427199 0.053736 0.071567
2 0.408060 0.428433 0.035264 0.059228
2 0.434089 0.430900 0.030227 0.039485
2 0.030227 0.434602 0.030227 0.076503
2 0.052897 0.432134 0.031906 0.061696
2 0.084383 0.435836 0.032746 0.059228
2 0.120067 0.450643 0.028547 0.074035
2 0.142317 0.446941 0.022670 0.066632
2 0.170865 0.456813 0.031066 0.071567
2 0.192275 0.460515 0.033585 0.059228
2 0.217045 0.459281 0.036104 0.071567
2 0.248111 0.467918 0.036104 0.078971
2 0.276238 0.469152 0.035264 0.071567
2 0.316121 0.480257 0.059614 0.078971
2 0.364819 0.483959 0.062972 0.081439
2 0.399244 0.492596 0.037783 0.078971
2 0.427792 0.500000 0.037783 0.069100
2 0.023510 0.493830 0.031906 0.071567
2 0.049118 0.490129 0.031066 0.069100
2 0.079345 0.512339 0.024349 0.069100
2 0.101595 0.508637 0.038623 0.101182
2 0.130982 0.518509 0.035264 0.076503
2 0.153233 0.530848 0.034425 0.081439
2 0.091940 0.590076 0.034425 0.091310
2 0.080605 0.660410 0.038623 0.088842
2 0.426532 0.572801 0.033585 0.081439
1 0.463056 0.301339 0.032746 0.071567
1 0.503359 0.312444 0.057935 0.083907
1 0.557935 0.314912 0.066331 0.083907
1 0.593619 0.332187 0.025189 0.074035
1 0.612510 0.321081 0.031066 0.081439
1 0.639379 0.337122 0.029387 0.064164
1 0.667086 0.343292 0.036104 0.071567
1 0.705709 0.346994 0.049538 0.069100
1 0.736356 0.346994 0.026868 0.069100
1 0.761125 0.366737 0.037783 0.064164
1 0.790092 0.367970 0.026868 0.056760
1 0.824517 0.379076 0.053736 0.069100
1 0.871117 0.385245 0.052897 0.076503
1 0.908480 0.390181 0.035264 0.066632
1 0.926113 0.398818 0.033585 0.064164
1 0.953820 0.406222 0.026868 0.054293
1 0.460537 0.374140 0.026029 0.069100
1 0.502099 0.375374 0.058774 0.081439
1 0.554996 0.387713 0.057095 0.071567
1 0.594878 0.392649 0.024349 0.066632
1 0.615869 0.390181 0.027708 0.066632
1 0.643997 0.398818 0.028547 0.069100
1 0.671285 0.411158 0.031066 0.078971
1 0.708228 0.408690 0.054576 0.083907
1 0.742233 0.421029 0.036944 0.069100
1 0.771201 0.423497 0.029387 0.064164
1 0.798908 0.440772 0.031066 0.054293
1 0.836272 0.438304 0.048699 0.064164
1 0.879513 0.453111 0.047859 0.064164
1 0.914358 0.454345 0.036944 0.071567
1 0.939127 0.455579 0.034425 0.064164
1 0.960118 0.459281 0.026029 0.056760
1 0.458438 0.434602 0.030227 0.061696
1 0.498741 0.437070 0.053736 0.081439
1 0.554576 0.453111 0.057935 0.078971
1 0.591520 0.464216 0.024349 0.066632
1 0.617548 0.456813 0.031066 0.071567
1 0.641898 0.467918 0.034425 0.069100
1 0.668346 0.475322 0.033585 0.064164
1 0.711587 0.479023 0.056255 0.076503
1 0.748531 0.488895 0.034425 0.066632
1 0.771201 0.492596 0.041142 0.069100
1 0.801847 0.502468 0.028547 0.059228
1 0.837112 0.501234 0.052057 0.071567
1 0.885810 0.517275 0.050378 0.064164
1 0.919395 0.517275 0.038623 0.069100
1 0.947103 0.520977 0.026868 0.061696
1 0.969353 0.528380 0.020991 0.051825
1 0.456759 0.492596 0.018472 0.074035
1 0.497901 0.508637 0.063812 0.076503
1 0.556675 0.519743 0.052057 0.074035
1 0.596138 0.530848 0.030227 0.066632
1 0.620907 0.532082 0.024349 0.069100
1 0.643577 0.541953 0.029387 0.064164
1 0.668766 0.539485 0.037783 0.074035
1 0.708228 0.544421 0.054576 0.059228
1 0.748950 0.555526 0.033585 0.071567
1 0.776238 0.560462 0.036104 0.076503
1 0.806465 0.569100 0.034425 0.078971
1 0.845508 0.574035 0.055416 0.083907
1 0.892527 0.578971 0.052057 0.069100
1 0.929891 0.586374 0.036104 0.069100
1 0.952561 0.592544 0.026029 0.061696
1 0.974391 0.598714 0.032746 0.064164
1 0.398825 0.565398 0.036944 0.056760
1 0.360202 0.559228 0.053736 0.054293
1 0.314022 0.548123 0.055416 0.056760
1 0.267003 0.540719 0.038623 0.066632
1 0.237615 0.534550 0.043661 0.064164
1 0.216205 0.529614 0.044500 0.059228
1 0.184299 0.525912 0.036104 0.061696
1 0.012175 0.560462 0.024349 0.076503
1 0.034425 0.561696 0.028547 0.083907
1 0.061713 0.569100 0.031066 0.083907
1 0.120487 0.586374 0.027708 0.069100
1 0.146096 0.596246 0.031906 0.083907
1 0.176742 0.604883 0.036104 0.066632
1 0.200672 0.608585 0.040302 0.088842
1 0.229219 0.615989 0.033585 0.078971
1 0.255248 0.611053 0.038623 0.074035
1 0.301427 0.620924 0.058774 0.088842
1 0.355584 0.632030 0.056255 0.086374
1 0.395466 0.655474 0.030227 0.069100
1 0.423594 0.653006 0.032746 0.074035
1 0.010495 0.627094 0.020990 0.086374
1 0.032746 0.639433 0.021830 0.076503
1 0.052477 0.639433 0.034425 0.066632
1 0.108732 0.670281 0.031066 0.083907
1 0.130143 0.673983 0.035264 0.096246
1 0.160369 0.690024 0.036944 0.088842
1 0.191016 0.688790 0.029387 0.076503
1 0.221176 0.689185 0.032259 0.093518
1 0.248575 0.690484 0.042865 0.101311
1 0.296080 0.702174 0.053029 0.098714
1 0.347121 0.708668 0.059658 0.106507
1 0.385788 0.713864 0.038004 0.083127
1 0.418048 0.722956 0.031818 0.080530
1 0.020991 0.706071 0.022537 0.080530
1 0.048389 0.719059 0.031376 0.083127
1 0.072694 0.737893 0.030492 0.079231
1 0.093906 0.742439 0.030492 0.090921
1 0.118874 0.746335 0.029166 0.077932
1 0.150471 0.758025 0.041098 0.085725
1 0.177206 0.769066 0.028282 0.079231
1 0.209908 0.776209 0.036237 0.077932
1 0.242167 0.772962 0.038888 0.089622
1 0.286579 0.785951 0.061426 0.102610
1 0.340271 0.800238 0.060984 0.094817
1 0.383137 0.805434 0.038888 0.097415
1 0.415617 0.811928 0.031376 0.089622
1 0.014362 0.771663 0.022537 0.087024
1 0.038004 0.789847 0.027398 0.087024
1 0.062972 0.811928 0.027840 0.105208
1 0.087498 0.827514 0.026515 0.084426
1 0.109152 0.835308 0.030934 0.089622
1 0.142958 0.844400 0.039330 0.100013
1 0.171019 0.845699 0.033585 0.089622
1 0.199744 0.848946 0.039772 0.098714
1 0.233329 0.865181 0.032701 0.092219
1 0.277078 0.870377 0.055681 0.105208
1 0.335189 0.885963 0.064961 0.110403
1 0.380043 0.891159 0.028282 0.089622
1 0.410977 0.891808 0.034469 0.109105
0 0.452738 0.576834 0.022537 0.076633
0 0.495824 0.580081 0.057448 0.080530
0 0.552389 0.593069 0.053029 0.080530
0 0.452738 0.652817 0.026957 0.083127
0 0.496708 0.667105 0.054797 0.080530
0 0.450086 0.741789 0.026957 0.066242
0 0.492952 0.741140 0.057890 0.083127
0 0.447435 0.815825 0.031376 0.076633
0 0.491405 0.830762 0.056565 0.085725
0 0.441690 0.913239 0.029608 0.097415
0 0.488091 0.921682 0.061426 0.093518
0 0.552389 0.667105 0.057448 0.083127
0 0.555040 0.755427 0.060100 0.090921
0 0.553714 0.837905 0.063635 0.089622
0 0.553272 0.930774 0.067170 0.093518
0 0.596580 0.602811 0.025631 0.066242
0 0.621989 0.615800 0.024305 0.061047
0 0.592602 0.678145 0.035353 0.092219
0 0.623757 0.680743 0.026957 0.079231
0 0.597684 0.766468 0.027840 0.074035
0 0.621327 0.757376 0.028282 0.087024
0 0.597684 0.853492 0.032259 0.089622
0 0.625083 0.856739 0.026073 0.085725
0 0.595696 0.938567 0.030050 0.106507
0 0.625083 0.946361 0.031376 0.088323
0 0.647841 0.613202 0.029166 0.087024
0 0.650272 0.684639 0.023421 0.076633
0 0.650493 0.766468 0.030050 0.089622
0 0.652481 0.854141 0.030492 0.075334
0 0.654470 0.944412 0.030934 0.110403
0 0.676565 0.618397 0.027398 0.081828
0 0.716779 0.625541 0.050378 0.083127
0 0.753016 0.626190 0.033585 0.068840
0 0.779089 0.634633 0.032701 0.070139
0 0.810906 0.646323 0.036237 0.070139
0 0.852225 0.648271 0.056123 0.071438
0 0.898184 0.658013 0.052587 0.072736
0 0.935746 0.658662 0.038446 0.068840
0 0.959830 0.659961 0.022096 0.058449
0 0.980821 0.663208 0.021654 0.049357
0 0.677007 0.691134 0.041540 0.079231
0 0.718326 0.699576 0.052587 0.070139
0 0.757656 0.702823 0.039330 0.084426
0 0.788811 0.709967 0.034469 0.070139
0 0.816651 0.713864 0.038004 0.077932
0 0.857970 0.722956 0.059658 0.085725
0 0.906359 0.727502 0.047726 0.068840
0 0.941491 0.728801 0.038446 0.063644
0 0.962482 0.731398 0.024747 0.058449
0 0.985240 0.726852 0.022537 0.059748
0 0.679217 0.769715 0.033585 0.090921
0 0.721198 0.778158 0.059216 0.094817
0 0.764948 0.788548 0.036237 0.084426
0 0.792125 0.790497 0.032259 0.075334
0 0.822617 0.793744 0.034911 0.074035
0 0.865040 0.797641 0.053471 0.074035
0 0.911220 0.799589 0.050378 0.080530
0 0.949003 0.797641 0.031376 0.071438
0 0.970657 0.793095 0.021654 0.067541
0 0.985903 0.786600 0.019444 0.051955
0 0.684520 0.856089 0.033585 0.087024
0 0.687392 0.943113 0.036679 0.094817
0 0.729595 0.866480 0.054797 0.087024
0 0.732025 0.953697 0.056123 0.092605
0 0.775995 0.958050 0.025631 0.075334
0 0.773344 0.873624 0.042423 0.103909
0 0.799638 0.878170 0.034027 0.089622
0 0.802510 0.962140 0.031818 0.075720
0 0.830129 0.880118 0.028724 0.085725
0 0.830129 0.959349 0.035795 0.075334
0 0.872774 0.878170 0.049494 0.074035
0 0.876972 0.959999 0.045517 0.079231
0 0.920721 0.950907 0.039330 0.074035
0 0.917186 0.876871 0.046401 0.063644
0 0.951213 0.942464 0.027840 0.080530
0 0.952760 0.872975 0.026515 0.076633
0 0.970657 0.934671 0.017235 0.083127
0 0.970657 0.863233 0.017235 0.067541