2 0.083621 0.904974 0.131440 0.077806
2 0.083621 0.970026 0.125925 0.059948
2 0.183350 0.970663 0.091916 0.058673
2 0.190243 0.902423 0.087320 0.082908
2 0.370399 0.966199 0.116733 0.067602
2 0.369479 0.906888 0.124086 0.081633
2 0.465991 0.968112 0.076290 0.063776
2 0.463693 0.899235 0.080886 0.086735
2 0.566179 0.969388 0.129601 0.061224
2 0.565720 0.901786 0.134197 0.079082
2 0.671423 0.964286 0.086401 0.068878
2 0.667747 0.901786 0.084563 0.081633
2 0.751850 0.966199 0.079967 0.067602
2 0.754607 0.893495 0.083643 0.082908
2 0.845604 0.969388 0.113057 0.061224
2 0.846063 0.908163 0.117652 0.084184
2 0.948090 0.970026 0.090078 0.057398
2 0.945792 0.907526 0.092835 0.075255
