1 0.152041 0.052679 0.079986 0.025595
1 0.252595 0.049405 0.098269 0.022619
1 0.141757 0.080357 0.082271 0.027381
1 0.244596 0.076786 0.100554 0.030952
1 0.116618 0.147321 0.100554 0.037500
1 0.232027 0.146131 0.123407 0.038690
1 0.109762 0.188095 0.109695 0.040476
1 0.230884 0.188095 0.127978 0.042857
1 0.536660 0.042798 0.205679 0.030357
1 0.689205 0.041607 0.101697 0.027976
1 0.538945 0.074048 0.210249 0.032143
1 0.692633 0.074345 0.099411 0.032738
0 0.239568 0.110357 0.109695 0.033333
0 0.131016 0.111845 0.093698 0.031548
0 0.541802 0.109762 0.204536 0.035714
0 0.696061 0.110952 0.097126 0.039286
0 0.103706 0.232679 0.110838 0.045833
0 0.228256 0.232381 0.133691 0.044048
0 0.102563 0.280000 0.110838 0.046429
0 0.228256 0.279107 0.135976 0.047024
0 0.100278 0.330298 0.113123 0.052976
0 0.227113 0.328512 0.138262 0.049405
0 0.096850 0.382976 0.110838 0.051190
0 0.225971 0.381190 0.145118 0.050000
1 0.086566 0.438869 0.129120 0.056548
1 0.227685 0.437083 0.150831 0.054167
1 0.084281 0.498095 0.131406 0.057143
1 0.229399 0.495714 0.154259 0.057143
0 0.085424 0.558631 0.131406 0.061310
0 0.227113 0.557738 0.156544 0.063095
0 0.085995 0.623214 0.123407 0.067857
0 0.227685 0.622024 0.159972 0.066667
0 0.088280 0.690476 0.118837 0.066667
0 0.231113 0.688988 0.166828 0.064881
0 0.092851 0.760714 0.121122 0.072619
0 0.234541 0.756845 0.164543 0.067262
2 0.370180 0.044118 0.124012 0.031513
2 0.368668 0.075630 0.125020 0.032563
2 0.370684 0.108718 0.129053 0.034664
2 0.369676 0.146534 0.131070 0.037815
2 0.373709 0.188025 0.131070 0.044118
2 0.373709 0.233718 0.133086 0.046218
2 0.376733 0.279937 0.139136 0.044118
2 0.377237 0.328414 0.140144 0.049895
2 0.382279 0.380147 0.140144 0.050420
2 0.383287 0.434244 0.138127 0.056723
2 0.382783 0.492805 0.147201 0.060399
2 0.388328 0.553204 0.158292 0.060399
2 0.392361 0.614076 0.158292 0.060924
2 0.395386 0.680777 0.160308 0.070378
2 0.401939 0.749317 0.167366 0.070903
1 0.549161 0.148731 0.222819 0.040883
1 0.713794 0.149201 0.108252 0.040883
1 0.555024 0.190085 0.227329 0.041823
1 0.720109 0.191024 0.113665 0.039944
0 0.560166 0.233694 0.239056 0.044643
0 0.732016 0.232519 0.110056 0.043233
0 0.566030 0.279041 0.239958 0.046053
0 0.740586 0.277397 0.112762 0.044643
0 0.571443 0.325846 0.247175 0.047932
0 0.752314 0.324671 0.118175 0.049342
0 0.581817 0.375893 0.253490 0.050282
0 0.762056 0.374624 0.123588 0.046992
1 0.589665 0.429182 0.263413 0.052162
1 0.778655 0.426833 0.127196 0.054041
1 0.595078 0.486043 0.272434 0.057801
1 0.789029 0.482754 0.137119 0.057801
0 0.605903 0.545959 0.277847 0.059211
0 0.809326 0.541729 0.132609 0.055451
0 0.614473 0.607049 0.285966 0.062030
0 0.819700 0.601175 0.146140 0.061560
0 0.623494 0.669361 0.289574 0.058271
0 0.834314 0.663863 0.142532 0.061560
0 0.634409 0.738816 0.299497 0.071429
0 0.846854 0.731767 0.147042 0.068609
2 0.231480 0.830114 0.204120 0.073864
2 0.423914 0.820779 0.193213 0.071429
2 0.653744 0.811039 0.291378 0.071429
2 0.867525 0.799675 0.138677 0.063312