2 0.230358 0.752256 0.132775 0.018797
2 0.228899 0.771993 0.132775 0.018797
2 0.231817 0.792199 0.144448 0.019737
2 0.228899 0.810996 0.138611 0.017857
2 0.232546 0.829323 0.142989 0.018797
2 0.236194 0.847415 0.144448 0.017387
2 0.379912 0.847650 0.145907 0.019737
2 0.502474 0.850235 0.099217 0.019267
2 0.587100 0.848825 0.081708 0.017387
2 0.689964 0.849530 0.124021 0.019737
2 0.816173 0.850000 0.122562 0.018797
2 0.816173 0.831908 0.137152 0.016447
2 0.811796 0.813581 0.134234 0.018327
2 0.813985 0.796664 0.141530 0.016447
2 0.816903 0.777867 0.132775 0.019267
2 0.817632 0.761654 0.131316 0.018797
2 0.687046 0.757895 0.124021 0.018797
2 0.584182 0.757660 0.075871 0.019267
2 0.495179 0.756720 0.105053 0.017387
2 0.372617 0.756015 0.148825 0.022556
2 0.371158 0.776457 0.151743 0.018327
2 0.502474 0.775047 0.110889 0.019267
2 0.590018 0.775752 0.075871 0.016917
2 0.692882 0.777867 0.118184 0.017387
2 0.685587 0.795254 0.126939 0.017387
2 0.588559 0.794549 0.072953 0.017857
2 0.498826 0.793139 0.100676 0.019737
2 0.375535 0.793844 0.145907 0.018327
2 0.376265 0.813111 0.153202 0.017387
2 0.501744 0.812406 0.112348 0.018797
2 0.588559 0.811466 0.072953 0.016917
2 0.689964 0.812406 0.126939 0.018797
2 0.689964 0.833083 0.141530 0.019737
2 0.584182 0.831908 0.075871 0.020207
2 0.499556 0.832143 0.110889 0.018797
2 0.378453 0.830968 0.142989 0.016447
1 0.233276 0.865743 0.147366 0.018327
1 0.231087 0.885479 0.151743 0.018327
1 0.235465 0.903102 0.148825 0.017857
1 0.238383 0.957378 0.145907 0.018327
1 0.240571 0.979464 0.147366 0.023026
1 0.379183 0.868092 0.141530 0.018327
1 0.385748 0.903806 0.154661 0.017387
1 0.389396 0.976880 0.150284 0.020677
1 0.387208 0.957378 0.151743 0.018327
1 0.817632 0.867387 0.140070 0.015977
1 0.685587 0.869032 0.129857 0.015508
1 0.581993 0.868092 0.080249 0.018327
1 0.500285 0.868562 0.091921 0.019267
0 0.388667 0.887359 0.166334 0.018327
0 0.512687 0.886419 0.084626 0.015508
0 0.597313 0.886889 0.070035 0.015508
0 0.697259 0.888064 0.144448 0.019737
0 0.830034 0.885949 0.126939 0.018327
0 0.826387 0.906626 0.140070 0.018327
0 0.692153 0.904746 0.128398 0.016447
0 0.588559 0.904981 0.078790 0.016917
0 0.513417 0.904276 0.086085 0.018327
0 0.235465 0.921664 0.154661 0.017387
0 0.236194 0.938816 0.159038 0.017857
0 0.394503 0.921429 0.163416 0.018797
0 0.393773 0.939286 0.159038 0.015977
0 0.521442 0.922368 0.090462 0.016917
0 0.596584 0.921664 0.059822 0.015508
0 0.692153 0.921664 0.128398 0.014568
0 0.826387 0.923543 0.145907 0.016447
0 0.827846 0.940696 0.148825 0.016917
0 0.829305 0.955028 0.154661 0.012688
0 0.828575 0.975235 0.156120 0.025846
0 0.690694 0.938581 0.122562 0.017387
0 0.592206 0.939051 0.068576 0.016447
0 0.517065 0.939286 0.081708 0.016917
0 0.513417 0.957848 0.089003 0.018327
0 0.692153 0.958083 0.122562 0.019737
0 0.595854 0.958083 0.067117 0.017857
0 0.596584 0.978759 0.062740 0.020677