2 0.070669 0.920918 0.132612 0.038265
2 0.083931 0.960459 0.145873 0.035714
2 0.193335 0.922832 0.106089 0.036990
2 0.186705 0.954082 0.125981 0.043367
2 0.327605 0.919005 0.202233 0.042092
2 0.322632 0.951531 0.172395 0.040816
2 0.483424 0.920281 0.149188 0.036990
2 0.478451 0.958546 0.152504 0.042092
2 0.632612 0.920281 0.182341 0.042092
2 0.642558 0.964286 0.208864 0.045918
2 0.790088 0.920918 0.172395 0.045918
2 0.793403 0.961735 0.152504 0.040816
2 0.930988 0.966199 0.122666 0.036990
2 0.916069 0.922194 0.132612 0.043367
0 0.070145 0.887755 0.140290 0.033163
0 0.188362 0.885204 0.109405 0.022959
0 0.325947 0.885842 0.159134 0.034439
0 0.468505 0.887117 0.159134 0.034439
0 0.632612 0.886480 0.195602 0.035714
0 0.791746 0.884566 0.135927 0.031888
0 0.916069 0.887117 0.112720 0.036990
0 0.083931 0.851403 0.125981 0.034439
0 0.186705 0.847577 0.132612 0.029337
0 0.320974 0.850765 0.175711 0.040816
0 0.471820 0.848214 0.145873 0.030612
0 0.591171 0.848852 0.132612 0.034439
0 0.672395 0.852041 0.116035 0.033163
0 0.790088 0.852679 0.152504 0.042092
0 0.907781 0.854592 0.082882 0.033163
0 0.078958 0.816964 0.116035 0.036990
0 0.196651 0.818240 0.112720 0.029337
0 0.317659 0.814413 0.175711 0.031888
0 0.471820 0.817602 0.152504 0.035714
0 0.584540 0.817602 0.119351 0.028061
0 0.685656 0.820153 0.102774 0.030612
0 0.809980 0.813138 0.139242 0.029337
0 0.921042 0.818240 0.109405 0.031888
0 0.085588 0.783801 0.129296 0.031888
0 0.196651 0.783163 0.125981 0.040816
0 0.327605 0.783801 0.162449 0.036990
0 0.483424 0.783801 0.135927 0.026786
0 0.582882 0.785714 0.109405 0.033163
0 0.679026 0.783801 0.116035 0.034439
0 0.806665 0.785077 0.145873 0.034439
0 0.922700 0.781888 0.092828 0.030612
0 0.082273 0.751913 0.129296 0.031888
0 0.211569 0.745536 0.076252 0.029337
0 0.330920 0.751913 0.162449 0.039541
0 0.468505 0.753827 0.152504 0.030612
0 0.627639 0.751913 0.205548 0.036990
0 0.800034 0.751276 0.159134 0.033163
0 0.909439 0.752551 0.106089 0.040816
0 0.092219 0.720026 0.102774 0.034439
0 0.180074 0.717474 0.099459 0.031888
0 0.316001 0.713648 0.205548 0.029337
0 0.485081 0.715561 0.139242 0.038265
0 0.642558 0.715561 0.169080 0.038265
0 0.791746 0.719388 0.135927 0.033163
0 0.914412 0.712372 0.096144 0.021684
0 0.080615 0.681122 0.112720 0.033163
0 0.186705 0.679209 0.092828 0.039541
0 0.316001 0.681760 0.185656 0.029337
0 0.471820 0.679847 0.165765 0.030612
0 0.627639 0.681122 0.185656 0.035714
0 0.780142 0.683036 0.165765 0.031888
0 0.911096 0.687500 0.096144 0.035714
0 0.078958 0.646046 0.116035 0.031888
0 0.178417 0.646046 0.122666 0.042092
0 0.322632 0.646046 0.172395 0.034439
0 0.470162 0.647321 0.135927 0.042092
0 0.635927 0.650510 0.175711 0.033163
0 0.793403 0.649235 0.165765 0.035714
0 0.919385 0.648597 0.099459 0.026786
0 0.069012 0.612883 0.135927 0.036990
0 0.193335 0.612245 0.145873 0.035714
0 0.314344 0.613520 0.208864 0.040816
0 0.463532 0.615434 0.162449 0.039541
0 0.627639 0.614796 0.185656 0.038265
0 0.793403 0.616709 0.159134 0.042092
0 0.916069 0.618622 0.099459 0.033163
0 0.070669 0.578444 0.125981 0.034439
0 0.175101 0.575893 0.122666 0.029337
0 0.319316 0.576531 0.179026 0.030612
0 0.470162 0.581633 0.142558 0.035714
0 0.632612 0.580995 0.188972 0.031888
0 0.788431 0.582270 0.135927 0.029337
0 0.902808 0.586097 0.086198 0.029337
0 0.073985 0.542730 0.119351 0.034439
0 0.190020 0.542092 0.132612 0.038265
0 0.312686 0.538903 0.172395 0.034439
0 0.463532 0.540816 0.142558 0.033163
0 0.635927 0.547832 0.169080 0.031888
0 0.786773 0.548469 0.145873 0.030612
0 0.904466 0.549745 0.102774 0.033163
0 0.070669 0.511480 0.132612 0.038265
0 0.183389 0.509566 0.106089 0.026786
0 0.320974 0.509566 0.182341 0.031888
0 0.473478 0.509566 0.149188 0.031888
0 0.639242 0.511480 0.175711 0.033163
0 0.798376 0.514668 0.155819 0.031888
0 0.916069 0.515944 0.099459 0.029337
0 0.070669 0.475765 0.125981 0.030612
0 0.175101 0.478316 0.109405 0.038265
0 0.324289 0.477041 0.175711 0.033163
0 0.485081 0.479592 0.119351 0.035714
0 0.625981 0.478954 0.175711 0.026786
0 0.790088 0.478954 0.125981 0.029337
0 0.904466 0.485969 0.096144 0.033163
1 0.062381 0.438138 0.116035 0.042092
1 0.175101 0.441327 0.116035 0.043367
1 0.322632 0.441327 0.172395 0.033163
1 0.471820 0.443878 0.139242 0.030612
1 0.621008 0.447066 0.185656 0.042092
1 0.786773 0.446429 0.179026 0.038265
1 0.912754 0.449617 0.106089 0.036990
