0 0.031332 0.430074 0.062664 0.048267
0 0.031739 0.480817 0.063478 0.048267
0 0.031739 0.529703 0.063478 0.042079
0 0.030925 0.573639 0.061849 0.055693
0 0.030925 0.622525 0.061849 0.042079
0 0.031739 0.665842 0.063478 0.042079
0 0.030925 0.713490 0.061849 0.050743
0 0.031739 0.766708 0.063478 0.038366
0 0.033775 0.806312 0.067550 0.040842
0 0.033368 0.855817 0.066736 0.035891
0 0.081395 0.425743 0.037463 0.039604
0 0.083431 0.477723 0.039906 0.049505
0 0.083838 0.527847 0.039092 0.035891
0 0.084653 0.573020 0.039092 0.044554
0 0.083431 0.620050 0.041535 0.044554
0 0.084653 0.662748 0.042349 0.043317
0 0.083024 0.708540 0.043978 0.045792
0 0.085060 0.756807 0.044792 0.043317
0 0.085874 0.801980 0.041535 0.042079
0 0.087096 0.849629 0.045607 0.045792
0 0.118043 0.428837 0.032576 0.045792
0 0.116007 0.474010 0.028504 0.049505
0 0.118043 0.520421 0.029319 0.045792
0 0.118858 0.570545 0.027690 0.044554
0 0.118858 0.614480 0.027690 0.045792
0 0.119265 0.665223 0.030133 0.048267
0 0.119265 0.707921 0.033391 0.044554
0 0.120486 0.757426 0.027690 0.047030
0 0.122115 0.802599 0.029319 0.040842
0 0.122522 0.849629 0.028504 0.045792
0 0.150212 0.426361 0.039906 0.043317
0 0.148583 0.474010 0.039906 0.044554
0 0.151434 0.521040 0.034205 0.037129
0 0.149398 0.567450 0.035019 0.038366
0 0.148991 0.616337 0.030947 0.042079
0 0.150619 0.662129 0.032576 0.044554
0 0.153063 0.707302 0.032576 0.045792
0 0.153063 0.754950 0.032576 0.047030
0 0.155913 0.805074 0.033391 0.038366
0 0.155913 0.850866 0.033391 0.040842
0 0.191340 0.843441 0.037463 0.050743
0 0.184417 0.184406 0.039906 0.049505
0 0.185639 0.233911 0.039092 0.049505
0 0.183603 0.283416 0.041535 0.047030
0 0.186046 0.327970 0.038277 0.034653
0 0.185232 0.374381 0.043164 0.040842
0 0.184417 0.423886 0.041535 0.048267
0 0.186861 0.472772 0.036648 0.044554
0 0.186453 0.515470 0.034205 0.045792
0 0.184417 0.560644 0.039906 0.039604
0 0.184010 0.610767 0.039092 0.048267
0 0.185639 0.660272 0.035834 0.038366
0 0.185639 0.702351 0.039092 0.043317
0 0.189711 0.753094 0.035834 0.045792
0 0.190933 0.801361 0.035019 0.040842
0 0.217401 0.182550 0.029319 0.048267
0 0.217401 0.232673 0.030947 0.051980
0 0.219844 0.279703 0.030947 0.047030
0 0.220251 0.326733 0.026875 0.044554
0 0.221066 0.375000 0.028504 0.047030
0 0.218622 0.417079 0.028504 0.044554
0 0.219030 0.467822 0.029319 0.047030
0 0.217808 0.514851 0.033391 0.039604
0 0.219030 0.560644 0.032576 0.047030
0 0.219844 0.608292 0.032576 0.040842
0 0.219030 0.655322 0.034205 0.048267
0 0.220658 0.704827 0.029319 0.048267
0 0.222287 0.753094 0.029319 0.040842
0 0.224323 0.800124 0.030133 0.045792
0 0.223102 0.847772 0.029319 0.044554
0 0.269523 0.846535 0.061895 0.049505
0 0.268708 0.797030 0.060266 0.051980
0 0.262600 0.181312 0.065967 0.040842
0 0.263415 0.230198 0.064338 0.047030
0 0.264636 0.274752 0.060266 0.034653
0 0.266265 0.320545 0.060266 0.051980
0 0.262600 0.370668 0.067596 0.045792
0 0.264229 0.417079 0.061081 0.042079
0 0.266265 0.464728 0.061895 0.040842
0 0.265451 0.509901 0.070039 0.044554
0 0.266672 0.556931 0.065967 0.044554
0 0.266265 0.607054 0.061895 0.043317
0 0.268301 0.654703 0.064338 0.047030
0 0.268301 0.698639 0.065967 0.040842
0 0.269116 0.748144 0.064338 0.043317
0 0.326531 0.179455 0.061895 0.039604
0 0.328160 0.226485 0.065153 0.051980
0 0.326939 0.271658 0.065967 0.038366
0 0.326124 0.314975 0.065967 0.043317
0 0.328567 0.363243 0.061081 0.048267
0 0.328567 0.415842 0.067596 0.049505
0 0.328567 0.461015 0.067596 0.043317
0 0.330603 0.509901 0.066781 0.042079
0 0.330196 0.556312 0.062709 0.043317
0 0.331011 0.607054 0.064338 0.043317
0 0.331418 0.650371 0.061895 0.043317
0 0.333047 0.700495 0.061895 0.049505
0 0.333047 0.746287 0.061895 0.044554
0 0.333047 0.793317 0.066781 0.044554
0 0.335083 0.839728 0.062709 0.043317
0 0.378653 0.173886 0.039092 0.043317
0 0.379061 0.225248 0.036648 0.047030
0 0.378653 0.267946 0.035834 0.040842
0 0.378653 0.313738 0.037463 0.048267
0 0.378653 0.359530 0.037463 0.043317
0 0.379875 0.409653 0.039906 0.049505
0 0.380689 0.458540 0.038277 0.040842
0 0.380689 0.503094 0.038277 0.043317
0 0.381097 0.554455 0.039092 0.051980
0 0.382318 0.599010 0.039906 0.044554
0 0.382318 0.647896 0.039906 0.045792
0 0.384354 0.697401 0.039092 0.048267
0 0.385576 0.745050 0.041535 0.044554
0 0.386797 0.790842 0.037463 0.044554
0 0.384761 0.837871 0.039906 0.042079
0 0.424667 0.053837 0.054565 0.058168
0 0.425889 0.113243 0.058637 0.060644
0 0.430368 0.173886 0.048050 0.053218
0 0.431590 0.232054 0.045607 0.053218
0 0.432404 0.293317 0.047236 0.054455
0 0.434847 0.346535 0.061895 0.044554
0 0.434440 0.406559 0.064338 0.060644
0 0.431183 0.466584 0.062709 0.049505
0 0.433219 0.529084 0.063524 0.050743
0 0.434847 0.586634 0.063524 0.056931
0 0.433219 0.649134 0.061895 0.050743
0 0.436883 0.705446 0.065967 0.056931
0 0.441770 0.768564 0.067596 0.054455
0 0.439327 0.829208 0.067596 0.051980
0 0.438512 0.876856 0.064338 0.033416
0 0.482897 0.052599 0.060266 0.055693
0 0.486155 0.110767 0.055380 0.053218
0 0.485341 0.169554 0.057008 0.056931
0 0.484933 0.228960 0.057823 0.051980
0 0.486969 0.288366 0.057008 0.054455
0 0.491042 0.345297 0.053751 0.049505
0 0.491856 0.399752 0.048864 0.051980
0 0.491449 0.462871 0.052936 0.054455
0 0.491856 0.524752 0.055380 0.054455
0 0.492670 0.581064 0.055380 0.050743
0 0.492670 0.641089 0.052122 0.061881
0 0.495114 0.702970 0.053751 0.047030
0 0.498371 0.759901 0.053751 0.051980
0 0.499186 0.819926 0.052122 0.055693
0 0.495521 0.882426 0.057823 0.054455
0 0.423853 0.009901 0.052936 0.019802
0 0.482897 0.012376 0.058637 0.022277
0 0.564338 0.879332 0.074925 0.055693
0 0.552529 0.046411 0.078997 0.053218
0 0.554158 0.102723 0.080626 0.054455
0 0.552122 0.160891 0.081441 0.056931
0 0.552529 0.220916 0.078997 0.058168
0 0.555787 0.279084 0.078997 0.055693
0 0.557008 0.342822 0.078183 0.059406
0 0.555380 0.399752 0.081441 0.056931
0 0.558230 0.459158 0.082255 0.059406
0 0.559859 0.519802 0.078997 0.049505
0 0.560673 0.576733 0.077369 0.056931
0 0.559859 0.636757 0.078997 0.058168
0 0.562302 0.701114 0.077369 0.050743
0 0.564338 0.756188 0.079812 0.059406
0 0.563931 0.816832 0.074111 0.051980
0 0.619718 0.042698 0.053751 0.053218
0 0.620532 0.102723 0.053751 0.056931
0 0.621347 0.162129 0.055380 0.054455
0 0.621754 0.221535 0.054565 0.049505
0 0.622568 0.281559 0.052936 0.050743
0 0.622975 0.336015 0.055380 0.053218
0 0.623383 0.394183 0.054565 0.050743
0 0.626233 0.453589 0.048864 0.050743
0 0.626233 0.514851 0.048864 0.049505
0 0.625826 0.573639 0.052936 0.053218
0 0.627862 0.635520 0.053751 0.058168
0 0.628676 0.696163 0.050493 0.048267
0 0.629083 0.753713 0.052936 0.056931
0 0.628269 0.815594 0.052936 0.049505
0 0.628676 0.872525 0.052122 0.059406
0 0.686499 0.037748 0.074925 0.050743
0 0.686906 0.098391 0.078997 0.055693
0 0.685278 0.157797 0.074111 0.058168
0 0.687721 0.216584 0.078997 0.059406
0 0.687314 0.275990 0.078183 0.051980
0 0.690164 0.332302 0.077369 0.058168
0 0.690571 0.392327 0.076554 0.054455
0 0.690978 0.451733 0.075740 0.051980
0 0.690978 0.511139 0.075740 0.054455
0 0.690978 0.569307 0.077369 0.054455
0 0.692200 0.629950 0.076554 0.061881
0 0.691386 0.690594 0.078183 0.054455
0 0.693014 0.753094 0.076554 0.065594
0 0.695458 0.813738 0.079812 0.060644
0 0.692607 0.868812 0.080626 0.064356
0 0.743915 0.035891 0.038277 0.054455
0 0.747580 0.096535 0.040720 0.051980
0 0.745136 0.152847 0.045607 0.053218
0 0.746765 0.215347 0.042349 0.059406
0 0.747580 0.275371 0.045607 0.060644
0 0.748394 0.331683 0.047236 0.054455
0 0.751652 0.390470 0.045607 0.053218
0 0.750023 0.446782 0.042349 0.056931
0 0.752059 0.506807 0.046421 0.060644
0 0.753688 0.568069 0.048050 0.054455
0 0.754502 0.628094 0.048050 0.050743
0 0.754095 0.689975 0.043978 0.050743
0 0.754502 0.751238 0.043164 0.054455
0 0.754095 0.810025 0.040720 0.048267
0 0.756131 0.868812 0.041535 0.056931
0 0.791150 0.032178 0.054565 0.059406
0 0.792779 0.090965 0.051308 0.055693
0 0.794815 0.150371 0.050493 0.053218
0 0.797666 0.210396 0.054565 0.056931
0 0.796444 0.267327 0.052122 0.047030
0 0.793186 0.325495 0.058637 0.066832
0 0.796851 0.390470 0.061081 0.055693
0 0.794815 0.451733 0.065153 0.047030
0 0.798480 0.504950 0.057823 0.054455
0 0.800109 0.565594 0.059452 0.051980
0 0.800109 0.624381 0.057823 0.053218
0 0.800923 0.689356 0.057823 0.059406
0 0.803774 0.750619 0.058637 0.060644
0 0.803774 0.810644 0.057008 0.051980