1 0.066153 0.098525 0.025162 0.073426
1 0.057630 0.162477 0.025974 0.073426
1 0.051948 0.231166 0.025974 0.068689
1 0.043425 0.297486 0.025162 0.063952
1 0.036120 0.374465 0.030032 0.085269
1 0.028003 0.447891 0.030032 0.071058
1 0.089692 0.097341 0.023539 0.075795
1 0.083604 0.163661 0.024351 0.066320
1 0.077516 0.229981 0.026786 0.056846
1 0.071023 0.295118 0.030032 0.073426
1 0.063718 0.364991 0.030032 0.075795
1 0.089286 0.369728 0.029221 0.085269
1 0.096997 0.290380 0.025162 0.068689
1 0.098620 0.215770 0.020292 0.061583
1 0.105925 0.160108 0.023539 0.068689
1 0.112013 0.087866 0.019481 0.056846
1 0.133117 0.093788 0.025974 0.068689
1 0.165179 0.098525 0.031656 0.068689
1 0.131494 0.163661 0.030844 0.066320
1 0.124188 0.220507 0.029221 0.071058
1 0.121347 0.297486 0.030032 0.078163
1 0.116477 0.369728 0.028409 0.080532
1 0.161932 0.156555 0.038149 0.071058
1 0.157062 0.227613 0.039773 0.071058
1 0.152597 0.292749 0.037338 0.068689
1 0.147321 0.366175 0.036526 0.082900
1 0.194399 0.093788 0.026786 0.073426
1 0.192776 0.166030 0.028409 0.071058
1 0.187906 0.228797 0.026786 0.063952
1 0.183036 0.298670 0.020292 0.075795
1 0.178977 0.368544 0.025162 0.087638
1 0.218750 0.096156 0.023539 0.073426
1 0.215097 0.156555 0.022727 0.071058
1 0.211039 0.220507 0.024351 0.061583
1 0.204951 0.295118 0.026786 0.059215
1 0.202922 0.367359 0.022727 0.071058
1 0.243506 0.091419 0.027597 0.082900
1 0.239854 0.163661 0.021916 0.061583
1 0.235795 0.227613 0.023539 0.061583
1 0.233360 0.292749 0.031656 0.082900
1 0.227273 0.361438 0.029221 0.068689
1 0.280438 0.086682 0.047890 0.073426
1 0.277192 0.162477 0.051136 0.068689
1 0.272727 0.222876 0.050325 0.066320
1 0.271104 0.295118 0.050325 0.073426
1 0.267045 0.361438 0.051948 0.063952
1 0.265422 0.432495 0.042208 0.068689
1 0.142857 0.447891 0.038961 0.071058
1 0.173295 0.443154 0.021916 0.071058
1 0.198458 0.445523 0.025162 0.056846
1 0.225649 0.439601 0.029221 0.073426
1 0.206981 0.513027 0.055195 0.073426
1 0.274351 0.510659 0.030844 0.068689
1 0.316153 0.086682 0.025162 0.063952
1 0.314529 0.162477 0.023539 0.073426
1 0.313718 0.227613 0.025162 0.071058
1 0.308847 0.289196 0.026786 0.075795
1 0.306006 0.362622 0.027597 0.071058
1 0.302354 0.438417 0.028409 0.071058
1 0.302760 0.510659 0.029221 0.073426
1 0.339286 0.097341 0.024351 0.071058
1 0.338880 0.162477 0.025162 0.073426
1 0.337662 0.222876 0.025974 0.066320
1 0.334010 0.290380 0.025162 0.073426
1 0.331981 0.363806 0.030844 0.068689
1 0.330763 0.436048 0.028409 0.071058
1 0.329140 0.513027 0.025162 0.078163
1 0.366477 0.087866 0.028409 0.066320
1 0.365666 0.157740 0.030032 0.073426
1 0.365666 0.224060 0.030032 0.068689
1 0.362419 0.296302 0.030032 0.066320
1 0.360390 0.356701 0.030844 0.063952
1 0.358766 0.430127 0.030844 0.073426
1 0.356331 0.503553 0.032468 0.082900
1 0.392451 0.087866 0.025162 0.071058
1 0.390422 0.154187 0.022727 0.071058
1 0.392045 0.221691 0.025974 0.068689
1 0.390828 0.292749 0.025162 0.078163
1 0.390016 0.364991 0.023539 0.056846
1 0.389610 0.430127 0.029221 0.078163
1 0.387581 0.508290 0.031656 0.073426
1 0.429383 0.090235 0.053571 0.061583
1 0.430601 0.154187 0.056006 0.061583
1 0.432224 0.226429 0.056006 0.073426
1 0.433036 0.289196 0.059253 0.080532
1 0.432224 0.362622 0.059253 0.052109
1 0.431818 0.432495 0.053571 0.078163
1 0.431818 0.501184 0.051948 0.059215
1 0.466315 0.094972 0.023539 0.056846
1 0.471997 0.161293 0.030032 0.066320
1 0.474026 0.226429 0.029221 0.063952
1 0.471997 0.298670 0.025162 0.066320
1 0.473214 0.364991 0.029221 0.061583
1 0.472808 0.427758 0.031656 0.068689
1 0.472403 0.501184 0.037338 0.078163
1 0.472403 0.584085 0.030844 0.073426
1 0.474432 0.662248 0.034903 0.073426
1 0.474432 0.740411 0.034903 0.073426
1 0.475649 0.835155 0.037338 0.082900
1 0.496753 0.093788 0.030844 0.063952
1 0.503653 0.157740 0.028409 0.068689
1 0.504464 0.222876 0.030032 0.075795
1 0.503653 0.290380 0.031656 0.063952
1 0.506088 0.360254 0.031656 0.071058
1 0.506088 0.430127 0.033279 0.063952
1 0.539367 0.094972 0.052760 0.066320
1 0.545049 0.156555 0.051136 0.047372
1 0.544237 0.219323 0.054383 0.078163
1 0.545049 0.296302 0.054383 0.066320
1 0.547890 0.359069 0.053571 0.054477
1 0.547890 0.425390 0.053571 0.078163
1 0.586039 0.103262 0.043831 0.068689
1 0.620536 0.098525 0.025162 0.054477
1 0.643669 0.096156 0.030844 0.059215
1 0.591315 0.160108 0.047890 0.049740
1 0.622565 0.166030 0.029221 0.056846
1 0.648539 0.158924 0.025974 0.056846
1 0.594968 0.221691 0.047078 0.063952
1 0.626623 0.218139 0.025974 0.056846
1 0.653409 0.220507 0.030844 0.056846
1 0.596185 0.290380 0.044643 0.063952
1 0.596997 0.348411 0.051136 0.075795
1 0.597403 0.424205 0.050325 0.061583
1 0.602273 0.494079 0.051948 0.073426
1 0.634334 0.420652 0.021916 0.087638
1 0.631899 0.284459 0.020292 0.052109
1 0.634334 0.347226 0.025162 0.054477
1 0.638799 0.490526 0.027597 0.085269
1 0.656656 0.285643 0.030844 0.063952
1 0.659903 0.348411 0.029221 0.071058
1 0.662338 0.423021 0.032468 0.068689
1 0.672890 0.154187 0.029221 0.066320
1 0.681006 0.226429 0.025974 0.063952
1 0.685065 0.283275 0.027597 0.068689
1 0.685877 0.348411 0.030844 0.071058
1 0.693182 0.419468 0.029221 0.066320
1 0.698052 0.160108 0.025974 0.049740
1 0.702110 0.221691 0.021104 0.054477
1 0.706575 0.291565 0.023539 0.056846
1 0.711039 0.344858 0.025974 0.063952
1 0.716315 0.419468 0.021916 0.052109
1 0.728490 0.153002 0.046266 0.068689
1 0.735795 0.220507 0.041396 0.056846
1 0.737419 0.280906 0.049513 0.073426
1 0.745130 0.347226 0.045455 0.059215
1 0.749188 0.407625 0.043831 0.066320
1 0.774351 0.164845 0.045455 0.068689
1 0.776786 0.226429 0.042208 0.054477
1 0.781250 0.284459 0.046266 0.066320
1 0.787338 0.344858 0.051948 0.068689
1 0.791802 0.407625 0.052760 0.080532
1 0.806006 0.163661 0.024351 0.071058
1 0.813312 0.227613 0.027597 0.071058
1 0.818588 0.279722 0.026786 0.061583
1 0.825487 0.338936 0.034091 0.075795
1 0.829545 0.414731 0.027597 0.061583
1 0.829951 0.160108 0.023539 0.054477
1 0.834821 0.225244 0.034903 0.066320
1 0.847808 0.285643 0.028409 0.054477
1 0.849026 0.341305 0.025974 0.052109
1 0.854302 0.406441 0.031656 0.063952
1 0.855114 0.104447 0.041396 0.071058
1 0.863231 0.162477 0.038149 0.054477
1 0.871753 0.234719 0.042208 0.061583
1 0.877435 0.274985 0.048701 0.056846
1 0.881088 0.336568 0.039773 0.066320
1 0.887581 0.407625 0.041396 0.061583
1 0.884334 0.115105 0.025162 0.049740
1 0.892857 0.174320 0.019481 0.063952
1 0.900162 0.224060 0.024351 0.054477
1 0.901786 0.282090 0.024351 0.056846
1 0.911120 0.337752 0.023539 0.063952
1 0.918831 0.408810 0.021104 0.054477
1 0.903815 0.100894 0.026786 0.068689
1 0.910714 0.168398 0.022727 0.052109
1 0.915990 0.215770 0.026786 0.061583
1 0.922890 0.278537 0.027597 0.073426
1 0.931006 0.344858 0.027597 0.059215
1 0.936282 0.401704 0.030032 0.063952
2 0.678977 0.092604 0.043019 0.061583
2 0.723620 0.094972 0.039773 0.066320
2 0.764205 0.098525 0.043019 0.049740
2 0.810877 0.096156 0.045455 0.068689
0 0.056006 0.444338 0.029221 0.087638
0 0.093344 0.446707 0.053571 0.078163
0 0.077110 0.523686 0.027597 0.066320
0 0.019481 0.528423 0.025974 0.075795
0 0.012987 0.611323 0.025974 0.085269
0 0.047484 0.528423 0.025162 0.075795
0 0.039773 0.607771 0.027597 0.087638
0 0.007711 0.698961 0.015422 0.085269
0 0.029627 0.694224 0.026786 0.090006
0 0.082386 0.604218 0.052760 0.066320
0 0.073458 0.690671 0.054383 0.092375
0 0.021104 0.780677 0.027597 0.092375
0 0.066558 0.780677 0.056818 0.092375
0 0.016234 0.873052 0.032468 0.092375
0 0.060471 0.873052 0.056006 0.097112
0 0.133117 0.522502 0.035714 0.068689
0 0.128653 0.605402 0.041396 0.082900
0 0.122159 0.694224 0.041396 0.080532
0 0.114448 0.779493 0.037338 0.080532
0 0.107549 0.870683 0.038149 0.097112
0 0.165584 0.518949 0.029221 0.080532
0 0.163149 0.606586 0.022727 0.075795
0 0.156656 0.690671 0.030844 0.082900
0 0.150568 0.780677 0.030032 0.082900
0 0.140016 0.868315 0.028409 0.087638
0 0.203734 0.597112 0.061688 0.080532
0 0.199675 0.680012 0.061688 0.085269
0 0.196834 0.773571 0.059253 0.087638
0 0.189123 0.863578 0.068182 0.087638
0 0.246753 0.508290 0.027597 0.078163
0 0.247159 0.593559 0.023539 0.082900
0 0.242695 0.678828 0.025974 0.092375
0 0.239854 0.765281 0.028409 0.085269
0 0.236201 0.861209 0.024351 0.092375
0 0.270292 0.591190 0.030844 0.082900
0 0.270292 0.676459 0.030844 0.082900
0 0.268669 0.762913 0.029221 0.080532
0 0.264205 0.854103 0.033279 0.087638
0 0.301948 0.595928 0.029221 0.082900
0 0.299919 0.672907 0.031656 0.075795
0 0.297890 0.756991 0.030844 0.082900
0 0.294643 0.851735 0.034091 0.097112
0 0.329545 0.590006 0.032468 0.094743
0 0.329545 0.678828 0.029221 0.068689
0 0.327516 0.761729 0.030032 0.078163
0 0.323864 0.848182 0.025974 0.090006
0 0.358766 0.593559 0.034091 0.082900
0 0.360795 0.678828 0.033279 0.073426
0 0.359578 0.760544 0.034091 0.066320
0 0.355519 0.849366 0.030844 0.082900
0 0.385552 0.593559 0.030844 0.087638
0 0.388799 0.678828 0.027597 0.073426
0 0.390016 0.759360 0.026786 0.078163
0 0.386769 0.848182 0.026786 0.075795
0 0.428977 0.580532 0.056006 0.080532
0 0.428571 0.666985 0.056818 0.078163
0 0.428977 0.748701 0.054383 0.075795
0 0.428571 0.836339 0.053571 0.075795
1 0.100649 0.518949 0.025974 0.071058
0 0.509740 0.498816 0.032468 0.087638
0 0.507711 0.580532 0.038149 0.075795
0 0.508929 0.657511 0.037338 0.082900
0 0.509334 0.745148 0.036526 0.078163
0 0.509740 0.835155 0.035714 0.087638
0 0.549107 0.497631 0.054383 0.075795
0 0.553571 0.582900 0.053571 0.080532
0 0.554789 0.662248 0.054383 0.078163
0 0.556006 0.733306 0.060065 0.087638
0 0.556818 0.819759 0.063312 0.094743
0 0.606331 0.572242 0.055195 0.082900
0 0.606331 0.651589 0.061688 0.085269
0 0.612013 0.732121 0.060065 0.085269
0 0.616883 0.828049 0.061688 0.101849
0 0.644481 0.572242 0.029221 0.073426
0 0.647321 0.649221 0.030032 0.080532
0 0.650568 0.730937 0.031656 0.078163
0 0.655032 0.815022 0.029221 0.094743
0 0.664773 0.490526 0.032468 0.080532
0 0.670860 0.562767 0.033279 0.087638
0 0.675325 0.646852 0.030844 0.075795
0 0.678977 0.726200 0.030032 0.101849
0 0.681412 0.804363 0.031656 0.092375
0 0.694399 0.490526 0.026786 0.075795
0 0.720779 0.486973 0.025974 0.063952
0 0.755276 0.484604 0.047890 0.082900
0 0.799513 0.479867 0.050325 0.073426
0 0.835227 0.477498 0.024351 0.068689
0 0.861607 0.476314 0.031656 0.066320
0 0.894481 0.472761 0.045455 0.068689
0 0.924513 0.473946 0.022727 0.066320
0 0.946429 0.470393 0.024351 0.063952
0 0.699269 0.568689 0.028409 0.066320
0 0.724838 0.558030 0.029221 0.073426
0 0.760146 0.559215 0.049513 0.066320
0 0.805195 0.552109 0.053571 0.066320
0 0.842938 0.548556 0.036526 0.063952
0 0.869318 0.548556 0.029221 0.063952
0 0.903003 0.537897 0.046266 0.066320
0 0.932224 0.535529 0.026786 0.052109
0 0.953734 0.534344 0.027597 0.059215
0 0.702922 0.636194 0.027597 0.068689
0 0.729708 0.635009 0.030844 0.075795
0 0.767451 0.632641 0.051136 0.066320
0 0.811688 0.627904 0.050325 0.075795
0 0.849026 0.619613 0.030844 0.068689
0 0.875406 0.617245 0.026786 0.059215
0 0.909497 0.611323 0.044643 0.066320
0 0.953328 0.603033 0.047890 0.068689
0 0.708604 0.719094 0.029221 0.068689
0 0.735795 0.713173 0.018669 0.075795
0 0.772727 0.709620 0.048701 0.063952
0 0.804789 0.701330 0.026786 0.071058
0 0.830763 0.701330 0.033279 0.066320
0 0.858360 0.694224 0.025162 0.066320
0 0.881494 0.687118 0.032468 0.066320
0 0.917208 0.677644 0.048701 0.071058
0 0.948052 0.675275 0.024351 0.061583
0 0.969156 0.680012 0.027597 0.071058
0 0.713068 0.800810 0.036526 0.080532
0 0.741477 0.794889 0.031656 0.082900
0 0.777192 0.786599 0.052760 0.075795
0 0.824269 0.781861 0.047890 0.075795
0 0.862825 0.766466 0.034091 0.073426
0 0.889610 0.761729 0.032468 0.073426
0 0.924919 0.759360 0.046266 0.078163
0 0.956981 0.752254 0.021104 0.068689
0 0.979302 0.743964 0.028409 0.071058