1 0.360390 0.257911 0.074675 0.141219
1 0.343344 0.423507 0.081169 0.166436
1 0.459821 0.258751 0.117695 0.142900
1 0.448864 0.426028 0.126623 0.174842
1 0.313718 0.664755 0.101461 0.289162
1 0.441964 0.658871 0.151786 0.307655
2 0.085633 0.276404 0.159903 0.161393
2 0.066964 0.436115 0.088474 0.147943
2 0.050325 0.626929 0.068182 0.237046
2 0.160308 0.426869 0.085227 0.176523
2 0.189529 0.260433 0.088474 0.176523
2 0.121347 0.647943 0.109578 0.329510
2 0.243912 0.421825 0.081981 0.159712
2 0.273945 0.253708 0.085227 0.159712
2 0.216315 0.651306 0.093344 0.316061
2 0.594156 0.426869 0.165584 0.193335
2 0.587256 0.251186 0.148539 0.184929
2 0.733766 0.254548 0.131494 0.181567
2 0.876218 0.241940 0.130682 0.210147
2 0.907062 0.422666 0.155032 0.205103
2 0.752435 0.425188 0.185065 0.203422
2 0.598214 0.678205 0.181818 0.339597
2 0.778003 0.698379 0.210227 0.342960