1 0.143263 0.574026 0.135552 0.185854
1 0.285714 0.555126 0.125000 0.160653
1 0.416802 0.515750 0.117695 0.151203
1 0.543425 0.490550 0.112825 0.157503
1 0.669237 0.465349 0.130682 0.144903
1 0.764610 0.433849 0.079545 0.163803
1 0.148539 0.777206 0.142857 0.176404
1 0.038961 0.775631 0.074675 0.223654
1 0.281656 0.752005 0.137987 0.157503
1 0.416396 0.734680 0.136364 0.148053
1 0.545455 0.693729 0.116883 0.160653
1 0.673701 0.659078 0.125000 0.179554
1 0.825081 0.243270 0.073864 0.116552
1 0.909091 0.214919 0.050325 0.129153
1 0.969562 0.191294 0.060876 0.094502