1 0.073954 0.434982 0.078114 0.044379
0 0.150673 0.433221 0.083694 0.049310
1 0.243434 0.432868 0.093458 0.048605
0 0.318759 0.432868 0.068350 0.044379
0 0.396176 0.430403 0.058586 0.045083
0 0.597041 0.426529 0.078114 0.051423
0 0.677248 0.424415 0.073930 0.047196
0 0.151371 0.476190 0.082299 0.042265
0 0.314574 0.474782 0.076719 0.039448
0 0.395478 0.472316 0.073930 0.034517
0 0.525204 0.470907 0.048821 0.041561
0 0.599831 0.467385 0.072535 0.044379
0 0.678643 0.468442 0.082299 0.042265
0 0.600528 0.510707 0.073930 0.042265
0 0.678643 0.510707 0.082299 0.042265
0 0.397571 0.510707 0.069745 0.046492
0 0.314574 0.513525 0.068350 0.043674
0 0.151371 0.517751 0.073930 0.046492
0 0.072559 0.561074 0.072535 0.038743
0 0.155556 0.558608 0.082299 0.043674
0 0.238552 0.558608 0.064165 0.043674
0 0.311784 0.551916 0.093458 0.047196
0 0.397571 0.554734 0.078114 0.041561
0 0.495213 0.553677 0.106012 0.043674
0 0.529388 0.510355 0.048821 0.041561
0 0.599831 0.550155 0.072535 0.042265
0 0.680735 0.552268 0.078114 0.046492
0 0.075349 0.599817 0.078114 0.044379
0 0.233670 0.596295 0.073930 0.041561
0 0.319456 0.596295 0.066955 0.041561
0 0.395478 0.596295 0.082299 0.041561
0 0.566353 0.594886 0.122751 0.044379
0 0.568446 0.634334 0.126936 0.044379
0 0.573328 0.676247 0.125541 0.039448
0 0.236460 0.636799 0.068350 0.039448
0 0.358513 0.635742 0.156229 0.041561
0 0.080929 0.639265 0.078114 0.044379
0 0.074651 0.678712 0.068350 0.044379
0 0.234367 0.677656 0.083694 0.042265
0 0.356421 0.676599 0.152044 0.044379
0 0.077441 0.722387 0.073930 0.041561
0 0.156253 0.721330 0.072535 0.039448
0 0.236460 0.718864 0.076719 0.044379
0 0.355724 0.719921 0.150649 0.042265
0 0.495213 0.718864 0.117171 0.044379
0 0.597738 0.718512 0.068350 0.043674
0 0.682827 0.718512 0.073930 0.043674
0 0.841846 0.714990 0.076719 0.042265
0 0.828594 0.550859 0.083694 0.045083
0 0.836964 0.591364 0.086484 0.041561
0 0.836964 0.630811 0.078114 0.041561
0 0.834174 0.674134 0.092063 0.045083
0 0.153463 0.762187 0.069745 0.046492
0 0.158345 0.801986 0.059981 0.041561
0 0.156253 0.842491 0.092063 0.039448
0 0.087206 0.885461 0.073930 0.046492
0 0.356421 0.758664 0.152044 0.035221
0 0.360606 0.799521 0.152044 0.046492
0 0.358513 0.841082 0.145069 0.046492
0 0.528691 0.762187 0.058586 0.040857
0 0.530086 0.801986 0.039057 0.041561
0 0.527296 0.841434 0.044637 0.041561
0 0.500096 0.883347 0.107407 0.042265
0 0.602621 0.759721 0.078114 0.041561
0 0.599831 0.799521 0.064165 0.046492
0 0.605410 0.841082 0.064165 0.042265
0 0.678643 0.758312 0.082299 0.044379
0 0.678643 0.798464 0.073930 0.044379
0 0.680735 0.841082 0.078114 0.042265
0 0.676550 0.879473 0.078114 0.044379
0 0.248316 0.928783 0.075325 0.054241
0 0.522414 0.923852 0.062770 0.044379
0 0.599831 0.923852 0.053006 0.044379
1 0.499398 0.428290 0.117171 0.042265
1 0.062097 0.479360 0.082299 0.044379
1 0.066980 0.517399 0.072535 0.047196
1 0.235762 0.473021 0.069745 0.041561
1 0.240644 0.512116 0.076719 0.046492
1 0.472198 0.470555 0.054401 0.046492
1 0.472198 0.510003 0.062770 0.046492
1 0.758152 0.423711 0.068350 0.047196
1 0.758152 0.466681 0.068350 0.048605
1 0.758152 0.508594 0.068350 0.039448
1 0.758152 0.549098 0.068350 0.047196
1 0.834174 0.419837 0.064165 0.049310
1 0.828594 0.465272 0.072535 0.047196
1 0.834174 0.507185 0.083694 0.036630
1 0.148581 0.596295 0.087879 0.041561
1 0.140909 0.638208 0.064165 0.046492
1 0.143002 0.677303 0.068350 0.041561
1 0.472895 0.592773 0.064165 0.044379
1 0.477080 0.631868 0.072535 0.043674
1 0.474987 0.675190 0.068350 0.041561
1 0.675155 0.591364 0.089274 0.041561
1 0.677248 0.632925 0.073930 0.041561
1 0.677945 0.676247 0.072535 0.043674
1 0.753270 0.591364 0.078114 0.041561
1 0.756059 0.633629 0.072535 0.041561
1 0.753270 0.675542 0.078114 0.046492
1 0.756059 0.717103 0.064165 0.036630
1 0.760942 0.756551 0.073930 0.046492
1 0.076744 0.760073 0.072535 0.039448
1 0.079534 0.803748 0.078114 0.046492
1 0.071862 0.843195 0.082299 0.036630
1 0.843241 0.754086 0.101828 0.037334
1 0.841148 0.798464 0.078114 0.041561
1 0.235762 0.759721 0.078114 0.041561
1 0.242737 0.799169 0.083694 0.041561
1 0.243434 0.840730 0.082299 0.041561
1 0.164622 0.885461 0.072535 0.046492
1 0.235762 0.882643 0.086484 0.042265
1 0.321549 0.882995 0.082299 0.041561
1 0.396873 0.884404 0.068350 0.044379
1 0.472895 0.842139 0.072535 0.044379
1 0.479172 0.801282 0.068350 0.041561
1 0.472895 0.763243 0.072535 0.044379
1 0.606805 0.884052 0.078114 0.039448
1 0.760942 0.801634 0.062770 0.042265
1 0.763034 0.841082 0.078114 0.046492
1 0.839056 0.839673 0.082299 0.049310
0 0.841148 0.885461 0.078114 0.042265
0 0.841846 0.928431 0.087879 0.053536