0 0.034209 0.435587 0.040743 0.049745
0 0.068856 0.436862 0.029031 0.038845
0 0.034069 0.471069 0.032534 0.035366
0 0.072860 0.472808 0.030032 0.033047
0 0.035321 0.499478 0.033035 0.038845
0 0.069106 0.501218 0.028530 0.028409
0 0.030566 0.532236 0.038541 0.045223
0 0.067354 0.532815 0.042044 0.039425
0 0.031066 0.567312 0.035537 0.044643
0 0.063851 0.570791 0.039041 0.042324
0 0.029314 0.599200 0.039041 0.053919
0 0.065853 0.599200 0.034036 0.035366
0 0.029314 0.616883 0.039041 0.049861
0 0.067855 0.627609 0.035037 0.040005
0 0.036322 0.659497 0.029031 0.037686
0 0.064601 0.658917 0.033535 0.034207
0 0.035321 0.694863 0.037039 0.041164
0 0.060847 0.690805 0.035037 0.043483
0 0.031066 0.731389 0.043546 0.053919
0 0.067104 0.726751 0.028530 0.043483
0 0.031567 0.761538 0.029531 0.040005
0 0.069356 0.756609 0.032034 0.022032
0 0.034570 0.814007 0.032534 0.047542
0 0.064852 0.785308 0.025026 0.043483
0 0.065853 0.840097 0.027028 0.066095
0 0.033068 0.878653 0.030532 0.068994
0 0.067605 0.893727 0.026528 0.030728
0 0.101891 0.440631 0.020021 0.037106
0 0.129169 0.434833 0.039542 0.046382
0 0.098887 0.472808 0.033035 0.038845
0 0.126416 0.471359 0.039041 0.037106
0 0.097886 0.502377 0.032034 0.040005
0 0.120410 0.502957 0.043045 0.042324
0 0.099388 0.536584 0.031033 0.041164
0 0.124414 0.533975 0.042044 0.044063
0 0.098387 0.567602 0.036038 0.044063
0 0.127167 0.569631 0.033535 0.035366
0 0.095884 0.600070 0.040042 0.046382
0 0.129670 0.600070 0.035537 0.038265
0 0.096135 0.632827 0.029531 0.040005
0 0.128669 0.634276 0.033535 0.033627
0 0.100890 0.664425 0.039041 0.047542
0 0.134425 0.662686 0.027028 0.038265
0 0.099138 0.689645 0.034536 0.045802
0 0.131922 0.689935 0.040042 0.045223
0 0.097636 0.727041 0.040543 0.051020
0 0.132173 0.726171 0.043546 0.051600
0 0.096635 0.764147 0.038541 0.041744
0 0.134425 0.774293 0.033035 0.044643
0 0.097136 0.805021 0.041544 0.062036
0 0.130671 0.816616 0.040543 0.045802
0 0.094383 0.858071 0.040042 0.046382
0 0.131672 0.856331 0.037540 0.037106
0 0.095634 0.894017 0.036538 0.035946
0 0.131172 0.891118 0.033535 0.040584
0 0.038324 0.922136 0.026027 0.027250
0 0.064101 0.925904 0.027529 0.032468
0 0.095884 0.925615 0.035037 0.031888
0 0.133424 0.927644 0.033035 0.030148
0 0.038574 0.963880 0.026528 0.044643
0 0.067354 0.958082 0.036038 0.041164
0 0.100890 0.963880 0.034036 0.041164
0 0.130170 0.964460 0.035537 0.045802
0 0.154446 0.433384 0.019020 0.037686
0 0.148690 0.468750 0.029531 0.041164
0 0.153195 0.502667 0.027529 0.035946
0 0.153445 0.536584 0.025026 0.040005
0 0.151693 0.561224 0.022524 0.033627
0 0.152194 0.589054 0.026528 0.037106
0 0.152444 0.627609 0.030032 0.030728
0 0.154196 0.660656 0.024526 0.043483
0 0.154446 0.696892 0.023024 0.039425
0 0.153945 0.727331 0.021022 0.042324
0 0.152944 0.756609 0.020021 0.035946
0 0.153945 0.785598 0.018019 0.038265
0 0.153195 0.820385 0.019521 0.037106
0 0.153195 0.854012 0.021523 0.038265
0 0.155197 0.889089 0.018520 0.034207
0 0.154696 0.923585 0.023525 0.044063
0 0.180974 0.433963 0.027028 0.044643
0 0.179222 0.468750 0.031533 0.041164
0 0.180974 0.504986 0.029031 0.037106
0 0.180223 0.536294 0.027529 0.033627
0 0.177220 0.567602 0.026528 0.032468
0 0.178221 0.597171 0.031533 0.039425
0 0.178471 0.631957 0.028030 0.033627
0 0.179222 0.661816 0.027529 0.034207
0 0.179723 0.695443 0.029531 0.037686
0 0.175969 0.731969 0.037039 0.036526
0 0.180974 0.761538 0.036038 0.033047
0 0.175969 0.793715 0.038040 0.040584
0 0.179222 0.829082 0.028530 0.031308
0 0.178972 0.857781 0.033035 0.037686
0 0.177971 0.888509 0.030032 0.033047
0 0.180974 0.919817 0.031033 0.046962
0 0.178471 0.964170 0.036038 0.042904
0 0.211756 0.443820 0.026528 0.036526
0 0.211006 0.473678 0.025026 0.032468
0 0.208503 0.507885 0.034036 0.039425
0 0.208253 0.536004 0.034536 0.034207
0 0.208753 0.570501 0.037540 0.034787
0 0.209504 0.602389 0.034036 0.033627
0 0.207252 0.635436 0.038541 0.031308
0 0.213258 0.665874 0.028530 0.040005
0 0.241788 0.442660 0.026528 0.033047
0 0.238785 0.474258 0.030532 0.032468
0 0.239035 0.508465 0.036038 0.032468
0 0.237283 0.538323 0.032534 0.024930
0 0.239536 0.571081 0.033035 0.037106
0 0.241788 0.600939 0.027529 0.031888
0 0.240537 0.634566 0.041043 0.042324
0 0.245792 0.669643 0.030532 0.032468
0 0.271069 0.444399 0.027028 0.034207
0 0.271069 0.475707 0.030032 0.033047
0 0.270068 0.505856 0.032034 0.036526
0 0.269317 0.538033 0.035537 0.033627
0 0.270318 0.569341 0.034536 0.039425
0 0.271820 0.599780 0.033535 0.041164
0 0.270068 0.636016 0.034036 0.030148
0 0.273071 0.667324 0.032034 0.034787
0 0.300850 0.438312 0.035537 0.045223
0 0.328379 0.444109 0.032534 0.038265
0 0.300600 0.474838 0.032034 0.038265
0 0.330131 0.474548 0.029031 0.033047
0 0.299349 0.508175 0.033535 0.036526
0 0.329631 0.509045 0.033035 0.037106
0 0.302352 0.539483 0.031533 0.030728
0 0.330381 0.538903 0.028530 0.030728
0 0.302102 0.577458 0.028030 0.034787
0 0.333384 0.572820 0.030532 0.033627
0 0.296846 0.600070 0.035537 0.041744
0 0.330381 0.604998 0.026528 0.036526
0 0.303603 0.634856 0.029031 0.038265
0 0.330632 0.635726 0.036038 0.036526
0 0.305105 0.668483 0.031033 0.035946
0 0.336388 0.670802 0.028530 0.035946
0 0.363917 0.444979 0.021523 0.035366
0 0.364417 0.478026 0.024526 0.030728
0 0.363416 0.511943 0.031533 0.040584
0 0.357910 0.541222 0.033535 0.036526
0 0.359412 0.571950 0.033535 0.035366
0 0.356659 0.603258 0.040042 0.043483
0 0.359912 0.634856 0.032534 0.041744
0 0.362165 0.669933 0.030032 0.033047
0 0.390194 0.447588 0.026027 0.033627
0 0.387191 0.478606 0.033035 0.040005
0 0.392697 0.511074 0.031033 0.033047
0 0.386440 0.542092 0.032534 0.031308
0 0.390945 0.572240 0.035537 0.045223
0 0.389694 0.608186 0.032034 0.035946
0 0.388442 0.635726 0.033535 0.038845
0 0.392447 0.671092 0.028530 0.029569
0 0.416973 0.446139 0.028530 0.033047
0 0.418224 0.480346 0.032034 0.036526
0 0.419475 0.513683 0.030532 0.031308
0 0.417723 0.542382 0.037039 0.037686
0 0.417223 0.579198 0.032034 0.033627
0 0.418224 0.606447 0.035037 0.034787
0 0.419225 0.638625 0.035037 0.035366
0 0.419976 0.673701 0.029531 0.034787
0 0.449257 0.445269 0.027028 0.039425
0 0.448255 0.480635 0.032034 0.040584
0 0.448005 0.510494 0.033535 0.038845
0 0.447755 0.541222 0.032034 0.034207
0 0.449257 0.573110 0.033035 0.035366
0 0.447505 0.603838 0.043546 0.044643
0 0.449757 0.639784 0.035037 0.037686
0 0.448255 0.671962 0.030032 0.030148
0 0.477787 0.447878 0.028030 0.036526
0 0.476035 0.480925 0.021523 0.029569
0 0.475784 0.511364 0.026027 0.032468
0 0.477536 0.544411 0.025527 0.031308
0 0.475534 0.573400 0.030532 0.038265
0 0.481541 0.607607 0.027529 0.034787
0 0.478537 0.635726 0.029531 0.035366
0 0.479288 0.669933 0.021022 0.026090
0 0.504315 0.450197 0.027028 0.031888
0 0.504815 0.478026 0.024025 0.030728
0 0.500060 0.508175 0.030532 0.024930
0 0.502813 0.546440 0.024025 0.027250
0 0.503814 0.574269 0.032034 0.035366
0 0.506317 0.609056 0.028030 0.029569
0 0.507318 0.639784 0.023024 0.028409
0 0.511072 0.669063 0.024526 0.032468
0 0.528590 0.447298 0.028530 0.041164
0 0.534346 0.484404 0.028030 0.028409
0 0.535597 0.517161 0.032534 0.032468
0 0.534096 0.544701 0.032534 0.034207
0 0.536348 0.580067 0.030032 0.033047
0 0.533345 0.611085 0.036038 0.041744
0 0.533846 0.641814 0.034036 0.035946
0 0.535097 0.670513 0.028530 0.035366
0 0.452260 0.700951 0.021022 0.031308
0 0.480540 0.703850 0.031533 0.034787
0 0.505566 0.699501 0.034536 0.035366
0 0.539602 0.705299 0.024526 0.035366
0 0.508569 0.734578 0.024526 0.035946
0 0.480039 0.738926 0.037540 0.034207
0 0.509820 0.767335 0.032034 0.037686
0 0.477286 0.769654 0.029031 0.035366
0 0.539101 0.733418 0.032534 0.034787
0 0.539351 0.766466 0.029031 0.035946
0 0.566130 0.451647 0.025527 0.042904
0 0.565379 0.484404 0.028030 0.031888
0 0.565629 0.512813 0.027529 0.036526
0 0.562876 0.547890 0.032034 0.034787
0 0.564878 0.575139 0.029031 0.028989
0 0.563877 0.613115 0.024025 0.033047
0 0.561875 0.636885 0.033035 0.034207
0 0.566630 0.675151 0.026528 0.035366
0 0.564128 0.702110 0.034536 0.037106
0 0.567131 0.731679 0.034536 0.033627
0 0.563377 0.762697 0.035037 0.035366
0 0.570134 0.798064 0.029531 0.035366
0 0.537850 0.800093 0.029031 0.032468
0 0.507067 0.798933 0.034536 0.028989
0 0.568132 0.833140 0.028530 0.025510
0 0.539351 0.829372 0.033035 0.027250
0 0.511322 0.829372 0.031033 0.031888
0 0.574639 0.861839 0.040543 0.029569
0 0.539101 0.860969 0.038541 0.028989
0 0.511822 0.857201 0.042044 0.036526
0 0.576641 0.889958 0.041544 0.032468
0 0.569383 0.923875 0.033035 0.030728
0 0.564628 0.961851 0.033535 0.027829
0 0.544607 0.889089 0.039542 0.038845
0 0.540102 0.927934 0.031533 0.030728
0 0.503814 0.888509 0.038040 0.030728
0 0.510821 0.924165 0.041043 0.031308
0 0.540853 0.968518 0.036038 0.036526
0 0.509570 0.963300 0.038541 0.045802
0 0.683983 0.799674 0.033647 0.037557
0 0.869957 0.614371 0.020188 0.032596
0 0.921345 0.585672 0.027529 0.024802
0 0.952850 0.585672 0.024470 0.026219
0 0.923180 0.616497 0.033647 0.038265
0 0.949179 0.625354 0.028141 0.031888
0 0.914615 0.655471 0.031200 0.031179
0 0.947650 0.649093 0.025082 0.031179
0 0.914921 0.684170 0.029364 0.026219
0 0.943674 0.681689 0.030588 0.039683
0 0.924709 0.712868 0.037929 0.031179
0 0.951932 0.716412 0.018964 0.032596
0 0.928074 0.741922 0.043435 0.032596
0 0.954073 0.742985 0.018353 0.038974
0 0.977014 0.742630 0.021411 0.031179
0 0.977014 0.712514 0.026305 0.029053
0 0.970897 0.682398 0.036094 0.045351
0 0.974261 0.655825 0.034258 0.037557
0 0.973650 0.632086 0.028141 0.039683
0 0.979461 0.598427 0.021411 0.030471
0 0.769017 0.836522 0.049552 0.037557
0 0.771464 0.866284 0.048329 0.036139
0 0.776970 0.891440 0.042211 0.034014
0 0.772994 0.926516 0.045270 0.033305
0 0.821017 0.861678 0.048329 0.032596
0 0.817652 0.892857 0.048940 0.038265
0 0.816123 0.921910 0.053223 0.036848
0 0.727112 0.900298 0.050164 0.030471
0 0.724971 0.928642 0.039764 0.030471
1 0.215073 0.702948 0.028141 0.038265
1 0.244131 0.697988 0.043435 0.038265
1 0.271660 0.701176 0.032423 0.037557
1 0.302860 0.700822 0.037317 0.036848
1 0.335589 0.699050 0.034258 0.038974
1 0.364035 0.700113 0.029976 0.042517
1 0.394623 0.704719 0.029976 0.037557
1 0.420317 0.703302 0.042211 0.038974
1 0.213849 0.738024 0.031811 0.034722
1 0.248414 0.735544 0.040988 0.036848
1 0.277778 0.736253 0.031200 0.028345
1 0.302554 0.734481 0.036705 0.036139
1 0.331612 0.734836 0.033647 0.038265
1 0.364647 0.741213 0.038541 0.031179
1 0.394317 0.742630 0.034258 0.035431
1 0.421846 0.743339 0.042823 0.039683
1 0.449375 0.741567 0.030588 0.038974
1 0.219661 0.768141 0.026305 0.026927
1 0.242908 0.765660 0.033647 0.029053
1 0.271354 0.768495 0.035482 0.031888
1 0.298577 0.767078 0.038541 0.033305
1 0.330389 0.769204 0.042211 0.033305
1 0.364341 0.772038 0.031811 0.031888
1 0.391564 0.771684 0.028753 0.026927
1 0.422152 0.774872 0.029976 0.030471
1 0.448152 0.771684 0.035482 0.032596
0 0.212932 0.963365 0.029976 0.046060
0 0.270437 0.965490 0.020188 0.036139
0 0.303472 0.964782 0.031200 0.040391
0 0.390341 0.964073 0.032423 0.044643
0 0.417870 0.963010 0.039764 0.048186
0 0.448152 0.965136 0.033035 0.041100
0 0.471704 0.961593 0.045882 0.042517
0 0.727112 0.800383 0.039152 0.033305
0 0.720077 0.838648 0.039764 0.033305
0 0.675725 0.833333 0.041599 0.028345
0 0.673278 0.865221 0.042823 0.031179
0 0.723136 0.865221 0.048329 0.036848
0 0.680313 0.896046 0.050776 0.030471
0 0.681231 0.932185 0.047717 0.036139
0 0.619137 0.834396 0.028753 0.026219
0 0.614549 0.799320 0.028141 0.028345
0 0.616690 0.772747 0.031200 0.027636
0 0.616079 0.739442 0.025082 0.034722
0 0.614549 0.707200 0.028141 0.029762
0 0.615161 0.679209 0.031811 0.037557
0 0.615161 0.648030 0.029364 0.030471
0 0.617608 0.613662 0.029364 0.039683
0 0.613326 0.586026 0.033035 0.041100
0 0.611796 0.553075 0.028753 0.031888
0 0.612408 0.519062 0.034870 0.043226
0 0.608432 0.492843 0.026917 0.029053
0 0.605373 0.457058 0.029364 0.035431
