0 0.286087 0.140780 0.093460 0.026300
0 0.269156 0.165919 0.086688 0.022432
0 0.252902 0.188351 0.086688 0.022432
0 0.235971 0.213490 0.088042 0.027847
0 0.218363 0.236696 0.079915 0.029394
0 0.195336 0.261061 0.077206 0.031714
0 0.174341 0.291228 0.073143 0.028620
0 0.383611 0.141553 0.096169 0.023205
0 0.364648 0.162438 0.104296 0.023205
0 0.354489 0.185644 0.100233 0.024752
0 0.334849 0.209236 0.107005 0.023979
0 0.319272 0.234375 0.108360 0.024752
0 0.299632 0.261448 0.115132 0.030941
0 0.281347 0.291615 0.127323 0.032488
0 0.499420 0.138072 0.148994 0.020885
0 0.489939 0.158957 0.143577 0.025526
0 0.480457 0.181002 0.143577 0.023205
0 0.474362 0.208849 0.153058 0.026300
0 0.453368 0.234762 0.157121 0.028620
0 0.443209 0.262608 0.169312 0.025526
0 0.426278 0.288134 0.170666 0.031714
0 0.415442 0.323329 0.173375 0.035582
0 0.618616 0.138459 0.092106 0.021658
0 0.611166 0.157410 0.101587 0.020885
0 0.604394 0.178295 0.101587 0.022432
0 0.600330 0.201501 0.107005 0.023979
0 0.591526 0.229347 0.108360 0.027073
0 0.584076 0.258354 0.117841 0.027847
0 0.573918 0.288908 0.124614 0.031714
0 0.561727 0.324103 0.135450 0.032488
0 0.735780 0.130724 0.144931 0.024752
0 0.737134 0.153543 0.147640 0.025526
0 0.734425 0.173654 0.158476 0.028620
0 0.729007 0.200727 0.163894 0.031714
0 0.729685 0.227800 0.162539 0.030167
0 0.724267 0.256420 0.173375 0.031714
0 0.726298 0.290455 0.182857 0.037902
0 0.724944 0.323716 0.188275 0.039449
0 0.850235 0.123762 0.078561 0.027847
0 0.852944 0.145808 0.086688 0.022432
0 0.857684 0.167853 0.093460 0.026300
0 0.858362 0.195312 0.102942 0.023979
0 0.863102 0.223933 0.101587 0.030167
0 0.865811 0.256033 0.101587 0.032488
0 0.867166 0.288521 0.109714 0.037129
0 0.869875 0.326810 0.107005 0.036355
0 0.938954 0.117187 0.063661 0.022432
0 0.945049 0.141940 0.056889 0.023979
0 0.944372 0.166692 0.066370 0.025526
0 0.945049 0.196086 0.048762 0.028620
0 0.953854 0.248298 0.039280 0.026300
0 0.953854 0.285040 0.047407 0.033261
0 0.953176 0.325263 0.043344 0.037902
0 0.120162 0.357364 0.073143 0.034035
0 0.083590 0.396426 0.089397 0.044090
0 0.045664 0.434715 0.086688 0.047958
0 0.032797 0.483060 0.047407 0.040996
0 0.233939 0.360458 0.130032 0.038676
0 0.205495 0.397973 0.135450 0.040996
0 0.175019 0.440903 0.134095 0.046411
0 0.139802 0.484994 0.153058 0.046411
0 0.112035 0.536046 0.159830 0.054146
0 0.086977 0.589418 0.172021 0.055693
0 0.392415 0.358911 0.181502 0.044864
0 0.377516 0.404548 0.195047 0.041770
0 0.356521 0.443611 0.204529 0.045637
0 0.330786 0.491955 0.215365 0.044864
0 0.311146 0.546101 0.214010 0.057240
0 0.283378 0.606822 0.218074 0.061108
0 0.550214 0.361231 0.139513 0.037129
0 0.542087 0.402614 0.144931 0.048731
0 0.533283 0.452119 0.151703 0.047184
0 0.522447 0.503171 0.151703 0.050278
0 0.498066 0.555770 0.157121 0.061108
0 0.477748 0.610690 0.167957 0.061108
0 0.658574 0.400294 0.088042 0.044090
0 0.762192 0.402614 0.100233 0.044090
0 0.870552 0.404935 0.111069 0.045637
0 0.652478 0.450572 0.105651 0.050278
0 0.764224 0.450959 0.104296 0.052599
0 0.869875 0.450572 0.117841 0.051825
0 0.649092 0.500851 0.104296 0.047184
0 0.758129 0.504718 0.092106 0.048731
0 0.880711 0.507426 0.128677 0.054146
0 0.643674 0.555770 0.120550 0.056467
0 0.749325 0.563892 0.107005 0.071163
0 0.890192 0.569694 0.144931 0.062655
0 0.619293 0.620746 0.123259 0.056467
0 0.747293 0.624226 0.116487 0.046411
0 0.888161 0.642515 0.132741 0.067517
2 0.255611 0.323716 0.143577 0.037902
2 0.135061 0.320622 0.105651 0.037902
0 0.070212 0.654173 0.140424 0.074257
0 0.241043 0.670527 0.253871 0.089286
0 0.464728 0.687323 0.196595 0.087518
0 0.038478 0.726662 0.076956 0.086634
0 0.207761 0.742574 0.273995 0.099010
0 0.422159 0.756719 0.210527 0.090170
0 0.595534 0.692627 0.108360 0.091054
0 0.734854 0.703678 0.154799 0.102546
0 0.881139 0.721358 0.162539 0.081330
0 0.586246 0.770863 0.139320 0.088402
0 0.721696 0.782797 0.153251 0.092822
0 0.878043 0.803571 0.159443 0.090170