2 0.040584 0.278597 0.051948 0.115754
2 0.028409 0.393432 0.056818 0.117592
2 0.083604 0.385164 0.056818 0.112080
2 0.103896 0.269410 0.068182 0.108405
2 0.185877 0.285028 0.102273 0.106568
2 0.172078 0.394351 0.112013 0.115754
2 0.154627 0.508268 0.112825 0.130453
2 0.060471 0.516536 0.078734 0.128616
2 0.038149 0.650664 0.064935 0.139640
2 0.133523 0.646071 0.122565 0.141478
2 0.268669 0.279515 0.058442 0.102893
2 0.256088 0.392514 0.057630 0.108405
2 0.241071 0.511943 0.060065 0.126779
2 0.227679 0.648827 0.068994 0.139640
2 0.327922 0.273085 0.060065 0.115754
2 0.316558 0.396189 0.063312 0.108405
2 0.307630 0.513780 0.076299 0.119429
2 0.299513 0.644234 0.073052 0.119429
2 0.371347 0.647908 0.065747 0.141478
2 0.375406 0.511943 0.068994 0.115754
2 0.382711 0.386083 0.060877 0.110242
2 0.389205 0.275841 0.064123 0.106568
2 0.450893 0.287784 0.060877 0.108405
2 0.446834 0.400782 0.065747 0.106568
2 0.441964 0.512862 0.068994 0.121267
2 0.441558 0.648827 0.069805 0.135965
2 0.538149 0.285028 0.112013 0.121267
2 0.536120 0.398945 0.119318 0.113917
2 0.540990 0.511943 0.125812 0.134128
2 0.545455 0.652502 0.129870 0.154339
2 0.635146 0.511943 0.065747 0.123104
2 0.628247 0.398026 0.066558 0.123104
2 0.621347 0.284109 0.059253 0.108405
2 0.641640 0.646990 0.073864 0.146990
2 0.675731 0.289621 0.056006 0.115754
2 0.736201 0.287784 0.066558 0.108405
2 0.687094 0.399863 0.065747 0.112080
2 0.694805 0.516536 0.064935 0.121267
2 0.746753 0.397107 0.074675 0.102893
2 0.760552 0.511943 0.086039 0.134128
2 0.707792 0.650664 0.069805 0.146990
2 0.777597 0.654339 0.086039 0.121267
2 0.211851 0.816028 0.076299 0.194761
2 0.109172 0.787549 0.143669 0.130453
2 0.283279 0.815109 0.081169 0.214972
2 0.359984 0.799492 0.078734 0.176388
2 0.437906 0.805922 0.081981 0.196599
2 0.550325 0.826133 0.139610 0.196599
2 0.650568 0.815109 0.086851 0.189249
2 0.720779 0.814191 0.084416 0.191087
2 0.790584 0.820621 0.095779 0.207623