2 0.035895 0.518495 0.051123 0.049745
2 0.032699 0.556122 0.057514 0.038265
2 0.075835 0.512755 0.057514 0.056122
2 0.082225 0.545281 0.044733 0.039541
2 0.148526 0.508291 0.087868 0.044643
2 0.147727 0.549745 0.095857 0.040816
2 0.241986 0.507653 0.115028 0.048469
2 0.249974 0.552934 0.118223 0.052296
2 0.448078 0.498087 0.099052 0.039541
2 0.455267 0.536352 0.084673 0.042092
2 0.543934 0.498087 0.070295 0.044643
2 0.531153 0.539541 0.079880 0.035714
2 0.597454 0.501276 0.065502 0.045918
2 0.602247 0.536990 0.052721 0.033163
2 0.646980 0.502551 0.046331 0.043367
2 0.658962 0.547194 0.047928 0.038265
2 0.723665 0.499362 0.110235 0.042092
2 0.729257 0.545281 0.102247 0.042092
2 0.921769 0.502551 0.052721 0.043367
2 0.973691 0.496173 0.044733 0.043367
2 0.920970 0.545281 0.057514 0.036990
2 0.972467 0.545918 0.055066 0.051020
2 0.650175 0.656250 0.052721 0.039541
2 0.697305 0.659439 0.051123 0.038265
2 0.756416 0.658163 0.063904 0.043367
2 0.917775 0.651148 0.054319 0.044643
2 0.968099 0.650510 0.052721 0.045918
2 0.970496 0.695791 0.054319 0.039541
1 0.321867 0.549745 0.057514 0.043367
1 0.326659 0.508291 0.051123 0.044643
1 0.385771 0.501276 0.067100 0.043367
1 0.802747 0.498087 0.060709 0.042092
1 0.869048 0.498087 0.065502 0.042092
1 0.803546 0.543367 0.065502 0.045918
1 0.865852 0.541454 0.043135 0.039541
1 0.382576 0.546556 0.060709 0.047194
1 0.032326 0.596939 0.064652 0.043367
1 0.076634 0.591837 0.049526 0.033163
1 0.146928 0.589923 0.103845 0.042092
1 0.245980 0.590561 0.097454 0.038265
1 0.325861 0.589923 0.071892 0.042092
1 0.381777 0.586097 0.078283 0.039541
1 0.452871 0.581633 0.086271 0.048469
1 0.523964 0.576531 0.078283 0.043367
1 0.591863 0.577806 0.076685 0.043367
1 0.643785 0.580357 0.075088 0.040816
1 0.694908 0.579082 0.071892 0.043367
1 0.739641 0.579719 0.071892 0.034439
1 0.801948 0.579719 0.055916 0.036990
1 0.861060 0.579082 0.071892 0.040816
1 0.916976 0.577806 0.062307 0.043367
1 0.971295 0.573980 0.055916 0.051020
1 0.034297 0.632653 0.044733 0.038265
1 0.082225 0.630740 0.054319 0.034439
1 0.152520 0.630102 0.086271 0.038265
1 0.240389 0.627551 0.108637 0.033163
1 0.321068 0.626913 0.062307 0.031888
1 0.383375 0.626276 0.071892 0.035714
1 0.452871 0.621811 0.073490 0.034439
1 0.528757 0.619260 0.100649 0.042092
1 0.601448 0.619898 0.067100 0.045918
1 0.648578 0.619260 0.052721 0.039541
1 0.694109 0.618622 0.060709 0.043367
1 0.742837 0.619260 0.065502 0.049745
1 0.807540 0.618622 0.054319 0.038265
1 0.861858 0.619260 0.067100 0.044643
1 0.918573 0.616709 0.059112 0.049745
1 0.968898 0.613520 0.051123 0.035714
1 0.031901 0.668367 0.059112 0.038265
1 0.080628 0.671556 0.051123 0.034439
1 0.146130 0.670918 0.095857 0.038265
1 0.249175 0.663903 0.100649 0.036990
1 0.319470 0.661990 0.062307 0.038265
1 0.380179 0.662628 0.078283 0.034439
1 0.451273 0.659439 0.086271 0.040816
1 0.521568 0.658163 0.089466 0.035714
1 0.595857 0.657526 0.065502 0.034439
1 0.812333 0.658801 0.038343 0.034439
1 0.863456 0.660077 0.060709 0.034439
1 0.030728 0.711097 0.061456 0.044643
1 0.080628 0.709821 0.057514 0.034439
1 0.152520 0.704719 0.092661 0.039541
1 0.245980 0.702806 0.119821 0.043367
1 0.322665 0.702168 0.059112 0.036990
1 0.384173 0.700893 0.073490 0.036990
1 0.452072 0.698342 0.084673 0.042092
1 0.530355 0.697704 0.075088 0.038265
1 0.597454 0.695791 0.075088 0.036990
1 0.649376 0.698342 0.051123 0.034439
1 0.702896 0.696429 0.055916 0.038265
1 0.752422 0.697066 0.049526 0.036990
1 0.805942 0.698342 0.060709 0.042092
1 0.866651 0.697704 0.070295 0.045918
1 0.926562 0.695153 0.049526 0.043367
1 0.031901 0.743622 0.059112 0.030612
1 0.078231 0.743622 0.059112 0.040816
1 0.149325 0.748724 0.105442 0.033163
1 0.257163 0.744260 0.081478 0.031888
1 0.322665 0.741071 0.062307 0.030612
1 0.388966 0.739158 0.073490 0.039541
1 0.458462 0.740434 0.075088 0.036990
1 0.527159 0.735332 0.075088 0.036990
1 0.600649 0.734694 0.062307 0.038265
1 0.648578 0.734694 0.052721 0.038265
1 0.694109 0.733418 0.054319 0.038265
1 0.739641 0.728954 0.062307 0.039541
1 0.796356 0.732143 0.054319 0.030612
1 0.840291 0.734056 0.055916 0.034439
1 0.929757 0.732143 0.049526 0.035714
1 0.972892 0.733418 0.049526 0.040816
1 0.027533 0.775510 0.055066 0.043367
1 0.072640 0.779974 0.054319 0.034439
1 0.153319 0.784439 0.103845 0.030612
1 0.253169 0.777423 0.102247 0.036990
1 0.328257 0.779337 0.067100 0.035714
1 0.393759 0.776148 0.063904 0.042092
1 0.450474 0.778699 0.075088 0.042092
1 0.526361 0.772959 0.089466 0.038265
1 0.600649 0.773597 0.052721 0.036990
1 0.645382 0.776148 0.052721 0.039541
1 0.696506 0.772321 0.055916 0.036990
1 0.741239 0.769133 0.065502 0.040816
1 0.796356 0.772959 0.063904 0.035714
1 0.857066 0.771046 0.070295 0.044643
1 0.913781 0.772321 0.062307 0.044643
1 0.053468 0.818240 0.102247 0.042092
1 0.149325 0.817602 0.102247 0.038265
1 0.247578 0.818240 0.110235 0.039541
1 0.320269 0.815051 0.073490 0.033163
1 0.381777 0.812500 0.071892 0.040816
1 0.455267 0.816964 0.071892 0.034439
1 0.528757 0.815051 0.084673 0.040816
1 0.599851 0.816964 0.073490 0.042092
1 0.647779 0.814413 0.051123 0.031888
1 0.694908 0.813138 0.052721 0.036990
1 0.746032 0.812500 0.062307 0.045918
1 0.800350 0.806760 0.065502 0.036990
1 0.861858 0.811224 0.076685 0.040816
1 0.916976 0.810587 0.059112 0.042092
1 0.963307 0.808673 0.052721 0.043367
1 0.035096 0.856505 0.059112 0.036990
1 0.079030 0.855230 0.054319 0.044643
1 0.154118 0.858418 0.095857 0.040816
1 0.249175 0.856505 0.103845 0.039541
1 0.323464 0.853316 0.060709 0.030612
1 0.389765 0.856505 0.068697 0.042092
1 0.453669 0.855867 0.071892 0.043367
1 0.528757 0.850765 0.081478 0.040816
1 0.595857 0.850128 0.068697 0.039541
1 0.654169 0.853316 0.054319 0.038265
1 0.696506 0.854592 0.059112 0.035714
1 0.746032 0.848214 0.065502 0.045918
1 0.800350 0.850128 0.059112 0.047194
1 0.862657 0.853316 0.068697 0.040816
1 0.913781 0.850765 0.052721 0.033163
1 0.959313 0.844388 0.051123 0.040816
1 0.034297 0.895408 0.057514 0.040816
1 0.083024 0.890944 0.049526 0.034439
1 0.154118 0.895408 0.086271 0.035714
1 0.252371 0.895408 0.094259 0.038265
1 0.329056 0.890944 0.068697 0.042092
1 0.387369 0.894770 0.063904 0.031888
1 0.456865 0.892219 0.075088 0.036990
1 0.529556 0.892219 0.070295 0.039541
1 0.601448 0.893495 0.083076 0.044643
1 0.650175 0.889668 0.052721 0.034439
1 0.697305 0.893495 0.057514 0.034439
1 0.741239 0.889031 0.052721 0.030612
1 0.793960 0.889031 0.055916 0.038265
1 0.864255 0.890944 0.065502 0.029337
1 0.920171 0.887117 0.049526 0.042092
1 0.967301 0.888393 0.047928 0.039541
1 0.033498 0.933036 0.055916 0.042092
1 0.078231 0.931760 0.052721 0.044643
1 0.152520 0.934949 0.092661 0.035714
1 0.250773 0.936862 0.097454 0.036990
1 0.332251 0.936224 0.059112 0.045918
1 0.394558 0.931122 0.068697 0.048469
1 0.466450 0.933673 0.065502 0.038265
1 0.534349 0.932398 0.083076 0.040816
1 0.597454 0.934311 0.046331 0.036990
1 0.654968 0.935587 0.062307 0.039541
1 0.705293 0.930485 0.057514 0.042092
1 0.746831 0.926020 0.063904 0.051020
1 0.805143 0.929847 0.065502 0.051020
1 0.862657 0.926020 0.081478 0.053571
1 0.922568 0.931760 0.063904 0.039541
1 0.968099 0.929847 0.049526 0.051020
