1 0.106677 0.047649 0.103694 0.025990
1 0.090587 0.071782 0.096543 0.022277
1 0.070921 0.094678 0.107270 0.033416
1 0.061981 0.121906 0.100119 0.028465
1 0.047975 0.152228 0.095950 0.029703
1 0.038142 0.183168 0.076284 0.029703
1 0.029800 0.216584 0.057211 0.044554
1 0.221098 0.047649 0.125148 0.028465
1 0.213947 0.071782 0.132300 0.024752
1 0.197857 0.096535 0.135875 0.024752
1 0.185342 0.122525 0.135875 0.032178
1 0.170145 0.151609 0.144814 0.033416
1 0.162100 0.185644 0.150178 0.032178
1 0.143328 0.216584 0.162693 0.034653
1 0.325686 0.048267 0.080452 0.029703
1 0.390048 0.048886 0.058998 0.030941
1 0.481228 0.048886 0.126936 0.028465
1 0.315853 0.073639 0.071513 0.023515
1 0.306020 0.100248 0.076877 0.024752
1 0.296187 0.126856 0.082240 0.028465
1 0.286354 0.154084 0.094755 0.030941
1 0.281885 0.188738 0.085816 0.028465
1 0.267582 0.222772 0.100119 0.044554
1 0.382897 0.069926 0.084028 0.033416
1 0.382897 0.102104 0.066150 0.021040
1 0.375746 0.129332 0.073301 0.025990
1 0.373064 0.157178 0.071513 0.024752
1 0.365913 0.186881 0.075089 0.034653
1 0.355186 0.224010 0.089392 0.034653
1 0.481228 0.075495 0.134087 0.019802
1 0.474076 0.099629 0.141239 0.028465
1 0.476758 0.126856 0.146602 0.033416
1 0.477652 0.154084 0.148390 0.030941
1 0.478546 0.190594 0.157329 0.039604
1 0.480334 0.225248 0.160905 0.034653
1 0.581346 0.051980 0.069725 0.029703
1 0.584922 0.077970 0.084028 0.029703
1 0.588498 0.102104 0.084028 0.023515
1 0.590285 0.125619 0.094755 0.028465
1 0.594755 0.160272 0.089392 0.035891
1 0.605482 0.189975 0.096543 0.035891
1 0.611739 0.224629 0.087604 0.040842
1 0.658223 0.054455 0.080452 0.029703
1 0.664480 0.078589 0.075089 0.023515
1 0.669844 0.103960 0.085816 0.032178
1 0.679677 0.128713 0.091179 0.029703
1 0.687722 0.159035 0.096543 0.038366
1 0.702919 0.193688 0.094755 0.030941
1 0.705601 0.226485 0.110846 0.037129
1 0.752978 0.054455 0.137663 0.029703
1 0.771750 0.084158 0.143026 0.027228
1 0.782477 0.105817 0.150178 0.030941
1 0.795886 0.130569 0.159117 0.038366
1 0.813764 0.159035 0.159117 0.038366
1 0.829855 0.195545 0.159117 0.042079
1 0.841476 0.231436 0.185934 0.044554
1 0.889747 0.056931 0.135875 0.027228
1 0.910307 0.082921 0.130512 0.022277
1 0.920140 0.104579 0.135875 0.030941
1 0.927292 0.131807 0.132300 0.030941
1 0.941594 0.162748 0.110846 0.035891
1 0.947852 0.196163 0.087604 0.035891
1 0.956791 0.235767 0.073301 0.043317
0 0.022052 0.257426 0.044103 0.042079
0 0.081647 0.259901 0.071513 0.042079
0 0.166569 0.259901 0.084028 0.044554
0 0.256855 0.258663 0.110846 0.042079
0 0.353398 0.260520 0.085816 0.045792
0 0.475864 0.259901 0.173420 0.044554
0 0.612633 0.262995 0.114421 0.045792
0 0.716328 0.264851 0.110846 0.042079
0 0.854884 0.268564 0.191298 0.044554
0 0.964836 0.272896 0.053635 0.040842
0 0.063769 0.304455 0.103694 0.049505
0 0.151373 0.303218 0.078665 0.044554
0 0.243446 0.306312 0.112633 0.045792
0 0.341777 0.304455 0.101906 0.047030
0 0.476758 0.305693 0.171632 0.051980
0 0.616209 0.308787 0.121573 0.045792
0 0.724373 0.311262 0.123360 0.055693
0 0.884384 0.315594 0.185934 0.051980
0 0.039930 0.350866 0.079860 0.055693
0 0.140646 0.350248 0.103694 0.049505
0 0.239871 0.352104 0.098331 0.050743
0 0.332838 0.354579 0.098331 0.053218
0 0.475864 0.357673 0.187722 0.049505
0 0.632300 0.358911 0.128724 0.044554
0 0.742251 0.361386 0.119785 0.047030
0 0.885278 0.363861 0.212752 0.059406
0 0.116510 0.405941 0.087604 0.051980
0 0.222886 0.405941 0.114421 0.056931
0 0.335520 0.409653 0.100119 0.059406
0 0.484803 0.412748 0.187722 0.058168
0 0.637663 0.412748 0.117997 0.048267
0 0.756554 0.413985 0.130512 0.058168
0 0.902262 0.415842 0.175207 0.064356
0 0.091481 0.461015 0.119785 0.073020
0 0.210371 0.464109 0.114421 0.064356
0 0.319429 0.467203 0.117997 0.065594
0 0.474970 0.468441 0.203813 0.063119
0 0.645708 0.468441 0.130512 0.063119
0 0.773538 0.472153 0.139451 0.065594
0 0.912095 0.475866 0.155541 0.065594
0 0.074496 0.531559 0.103694 0.070545
0 0.194281 0.532797 0.121573 0.068069
0 0.314959 0.531559 0.116209 0.070545
0 0.483910 0.532797 0.214540 0.073020
0 0.653753 0.537748 0.146602 0.075495
0 0.786947 0.538985 0.137663 0.068069
0 0.921034 0.542079 0.151966 0.066832
0 0.050360 0.608292 0.098331 0.070545
0 0.170145 0.608292 0.137663 0.075495
0 0.298869 0.607673 0.126936 0.076733
0 0.479440 0.611386 0.234206 0.084158
0 0.660905 0.613861 0.153753 0.084158
0 0.801250 0.615718 0.148390 0.085396
0 0.926398 0.620050 0.123360 0.079208
0 0.144222 0.691832 0.150178 0.086634
0 0.291718 0.693069 0.137663 0.084158
0 0.485697 0.695545 0.239569 0.089109
0 0.683253 0.701114 0.151966 0.087871
0 0.828961 0.705446 0.157329 0.089109
0 0.949343 0.707302 0.101314 0.092822
0 0.122768 0.788985 0.157329 0.102723
0 0.273839 0.791460 0.148390 0.102723
0 0.481228 0.788366 0.266387 0.106436
0 0.694874 0.793936 0.168056 0.107673
0 0.852203 0.801361 0.160905 0.100248
0 0.967221 0.803837 0.065557 0.090347