2 0.141898 0.445636 0.083963 0.266194
2 0.146935 0.702458 0.075567 0.224953
2 0.240974 0.679962 0.127624 0.307436
2 0.240134 0.436263 0.125945 0.239950
2 0.354324 0.649969 0.122586 0.247448
2 0.353484 0.434389 0.120907 0.213705
2 0.462636 0.629348 0.107473 0.228702
2 0.460957 0.419392 0.107473 0.228702
2 0.549118 0.603103 0.073887 0.206207
2 0.549118 0.396897 0.077246 0.183712
2 0.631402 0.561862 0.094039 0.243699
2 0.633501 0.370652 0.096558 0.198709
2 0.690596 0.548740 0.031066 0.224953
2 0.694794 0.346282 0.029387 0.164966
