0 0.040348 0.102104 0.062381 0.077970
0 0.041169 0.174505 0.059098 0.061881
0 0.042400 0.244431 0.059919 0.070545
0 0.039937 0.316832 0.059919 0.074257
0 0.041579 0.386139 0.058277 0.059406
0 0.042810 0.455446 0.057457 0.069307
0 0.045273 0.527228 0.062381 0.069307
0 0.046093 0.599629 0.062381 0.068069
0 0.045683 0.670173 0.061561 0.073020
0 0.046093 0.743193 0.064023 0.065594
0 0.045273 0.818688 0.059098 0.073020
0 0.096163 0.101485 0.050890 0.076733
0 0.097804 0.172649 0.054173 0.068069
0 0.100267 0.241955 0.052532 0.070545
0 0.099856 0.311881 0.053352 0.066832
0 0.098215 0.382426 0.053352 0.064356
0 0.099856 0.454827 0.053352 0.073020
0 0.101908 0.526609 0.057457 0.070545
0 0.103140 0.593441 0.056636 0.070545
0 0.103550 0.666460 0.049248 0.075495
0 0.103140 0.740718 0.051711 0.070545
0 0.102319 0.816213 0.051711 0.073020
0 0.147053 0.099010 0.050890 0.074257
0 0.147874 0.172030 0.049248 0.074257
0 0.147053 0.239480 0.047607 0.070545
0 0.149105 0.308168 0.048428 0.071782
0 0.148694 0.380569 0.050890 0.070545
0 0.151567 0.451733 0.050069 0.074257
0 0.151157 0.524752 0.052532 0.064356
0 0.151567 0.595916 0.048428 0.060644
0 0.154440 0.668317 0.049248 0.074257
0 0.152798 0.737624 0.050890 0.059406
0 0.152798 0.811262 0.050890 0.073020
0 0.194249 0.099010 0.046786 0.074257
0 0.197532 0.170173 0.051711 0.065594
0 0.195070 0.241337 0.048428 0.074257
0 0.196712 0.308168 0.050069 0.069307
0 0.200405 0.381807 0.050890 0.068069
0 0.201636 0.451114 0.053352 0.073020
0 0.199174 0.521658 0.050069 0.068069
0 0.199995 0.592203 0.046786 0.068069
0 0.202457 0.663366 0.048428 0.069307
0 0.204509 0.733911 0.054173 0.069307
0 0.204920 0.806931 0.050069 0.066832
0 0.243498 0.097153 0.056636 0.073020
0 0.297671 0.098391 0.059919 0.075495
0 0.350203 0.097153 0.053352 0.075495
0 0.403966 0.097772 0.057457 0.074257
0 0.455266 0.097772 0.053352 0.076733
0 0.502873 0.095916 0.046786 0.077970
0 0.550069 0.097153 0.047607 0.077970
0 0.595624 0.096535 0.050069 0.081683
0 0.643641 0.096535 0.049248 0.081683
0 0.692479 0.099010 0.051711 0.079208
0 0.245960 0.169554 0.054994 0.064356
0 0.248012 0.240718 0.057457 0.070545
0 0.247602 0.307550 0.053352 0.068069
0 0.250064 0.378713 0.051711 0.066832
0 0.252116 0.448020 0.049248 0.066832
0 0.252116 0.521040 0.052532 0.069307
0 0.250885 0.588490 0.054994 0.060644
0 0.253347 0.660891 0.051711 0.074257
0 0.255399 0.731436 0.050890 0.064356
0 0.255810 0.804455 0.046786 0.074257
0 0.298902 0.166460 0.052532 0.065594
0 0.352665 0.168317 0.056636 0.059406
0 0.406428 0.165842 0.052532 0.064356
0 0.456087 0.164604 0.046786 0.061881
0 0.499590 0.169554 0.048428 0.061881
0 0.550890 0.169554 0.055815 0.069307
0 0.602191 0.172030 0.043503 0.064356
0 0.647745 0.171411 0.049248 0.065594
0 0.696583 0.167698 0.050069 0.068069
0 0.301365 0.232673 0.059098 0.069307
0 0.356359 0.234530 0.049248 0.070545
0 0.405197 0.233292 0.051711 0.068069
0 0.457318 0.231436 0.050890 0.069307
0 0.504104 0.234530 0.042682 0.065594
0 0.552121 0.232673 0.053352 0.069307
0 0.601780 0.233911 0.047607 0.066832
0 0.649797 0.232673 0.053352 0.071782
0 0.696583 0.239480 0.038578 0.070545
0 0.305058 0.301980 0.059919 0.071782
0 0.356359 0.303218 0.047607 0.066832
0 0.408480 0.301980 0.051711 0.071782
0 0.459780 0.303837 0.050890 0.070545
0 0.508208 0.299505 0.045965 0.069307
0 0.559919 0.304455 0.052532 0.064356
0 0.604243 0.301361 0.047607 0.068069
0 0.652670 0.297030 0.050890 0.066832
0 0.699046 0.297649 0.045144 0.068069
0 0.304648 0.375000 0.057457 0.069307
0 0.358821 0.371287 0.052532 0.071782
0 0.410122 0.372525 0.045144 0.069307
0 0.459780 0.368193 0.049248 0.068069
0 0.506977 0.366955 0.046786 0.068069
0 0.555405 0.369431 0.046786 0.063119
0 0.603832 0.367574 0.048428 0.066832
0 0.651849 0.365718 0.047607 0.068069
0 0.702739 0.366955 0.052532 0.068069
0 0.305879 0.445545 0.056636 0.066832
0 0.360052 0.439975 0.050069 0.068069
0 0.412174 0.440594 0.049248 0.066832
0 0.460601 0.435025 0.049248 0.068069
0 0.509850 0.433787 0.047607 0.065594
0 0.554994 0.432550 0.054173 0.077970
0 0.604653 0.436881 0.043503 0.066832
0 0.651439 0.437500 0.050069 0.068069
0 0.702329 0.433168 0.050069 0.071782
0 0.305058 0.514233 0.051711 0.070545
0 0.305058 0.588490 0.051711 0.068069
0 0.308752 0.658416 0.055815 0.071782
0 0.309162 0.730817 0.056636 0.073020
0 0.309573 0.809406 0.059098 0.076733
0 0.359642 0.511757 0.052532 0.068069
0 0.414226 0.508663 0.051711 0.071782
0 0.463064 0.509282 0.047607 0.073020
0 0.511902 0.506188 0.050069 0.076733
0 0.559509 0.508045 0.050069 0.070545
0 0.607936 0.502475 0.048428 0.069307
0 0.657185 0.504332 0.051711 0.063119
0 0.704381 0.501238 0.047607 0.064356
0 0.358821 0.580446 0.047607 0.064356
0 0.413405 0.576114 0.058277 0.070545
0 0.463884 0.577351 0.045965 0.070545
0 0.513954 0.577351 0.045965 0.068069
0 0.561561 0.577351 0.052532 0.063119
0 0.610399 0.574257 0.050069 0.069307
0 0.658005 0.571163 0.050069 0.070545
0 0.708896 0.569926 0.053352 0.073020
0 0.361694 0.655941 0.056636 0.071782
0 0.363336 0.722153 0.053352 0.065594
0 0.364567 0.798886 0.052532 0.070545
0 0.413815 0.650990 0.054173 0.071782
0 0.412994 0.722153 0.050890 0.065594
0 0.415046 0.790223 0.051711 0.068069
0 0.465526 0.644183 0.052532 0.060644
0 0.467168 0.715965 0.055815 0.068069
0 0.468399 0.788366 0.053352 0.071782
0 0.516416 0.646658 0.041040 0.068069
0 0.517237 0.714728 0.045965 0.065594
0 0.518879 0.784653 0.049248 0.066832
0 0.564433 0.641708 0.051711 0.065594
0 0.565254 0.712871 0.048428 0.064356
0 0.567717 0.784035 0.051711 0.070545
0 0.612861 0.639851 0.048428 0.064356
0 0.614092 0.706064 0.050890 0.068069
0 0.616965 0.775371 0.046786 0.070545
0 0.661699 0.638614 0.052532 0.069307
0 0.708896 0.636757 0.050069 0.065594
0 0.664982 0.712252 0.049248 0.073020
0 0.714641 0.706683 0.050069 0.066832
0 0.666214 0.774752 0.050069 0.071782
0 0.717104 0.775371 0.051711 0.070545
0 0.743780 0.101485 0.052532 0.079208
0 0.789335 0.105817 0.045144 0.080446
0 0.832837 0.108292 0.043503 0.080446
0 0.889063 0.112005 0.062381 0.070545
0 0.941184 0.113243 0.043503 0.073020
0 0.743369 0.169554 0.046786 0.066832
0 0.792618 0.175743 0.046786 0.059406
0 0.832017 0.174505 0.051711 0.066832
0 0.890294 0.178218 0.059919 0.064356
0 0.943236 0.177599 0.052532 0.060644
0 0.744190 0.237624 0.048428 0.056931
0 0.749936 0.303218 0.054994 0.061881
0 0.749115 0.366955 0.051711 0.065594
0 0.751988 0.436262 0.045965 0.063119
0 0.754861 0.501238 0.050069 0.061881
0 0.758965 0.568069 0.048428 0.064356
0 0.763069 0.641089 0.056636 0.069307
0 0.764710 0.701733 0.053352 0.059406
0 0.767173 0.766708 0.043503 0.063119
0 0.790566 0.235149 0.049248 0.064356
0 0.834889 0.236386 0.047607 0.064356
0 0.891115 0.240718 0.063202 0.065594
0 0.951034 0.243193 0.053352 0.063119
0 0.795901 0.298267 0.040220 0.066832
0 0.838173 0.301361 0.042682 0.060644
0 0.892346 0.308787 0.054173 0.058168
0 0.947340 0.306312 0.049248 0.058168
0 0.798364 0.366955 0.048428 0.070545
0 0.841046 0.366955 0.040220 0.068069
0 0.894808 0.366955 0.062381 0.068069
0 0.953496 0.366955 0.054994 0.060644
0 0.800005 0.433787 0.043503 0.060644
0 0.843918 0.436262 0.042682 0.063119
0 0.900554 0.434406 0.059098 0.059406
0 0.951855 0.433168 0.053352 0.056931
0 0.801647 0.497525 0.038578 0.059406
0 0.844739 0.498762 0.047607 0.056931
0 0.897681 0.493812 0.051711 0.059406
0 0.951444 0.493193 0.055815 0.060644
0 0.804109 0.565594 0.043503 0.059406
0 0.849664 0.566213 0.042682 0.060644
0 0.898092 0.558787 0.050890 0.065594
0 0.948161 0.560025 0.049248 0.060644
0 0.806161 0.631807 0.044324 0.060644
0 0.847612 0.630569 0.046786 0.065594
0 0.903837 0.628713 0.062381 0.066832
0 0.958011 0.623762 0.044324 0.059406
0 0.810676 0.699257 0.035295 0.056931
0 0.849664 0.696782 0.044324 0.061881
0 0.905889 0.691832 0.066485 0.061881
0 0.962115 0.690594 0.047607 0.056931
0 0.810265 0.760520 0.041040 0.055693
0 0.850895 0.759282 0.043503 0.055693
0 0.907531 0.756188 0.061561 0.054455
0 0.963346 0.751856 0.045144 0.045792