2 0.457599 0.053450 0.028547 0.094492
2 0.638539 0.038155 0.031066 0.076310
2 0.674643 0.044252 0.046180 0.088503
2 0.704870 0.061070 0.027708 0.073155
2 0.727120 0.054974 0.031906 0.097540
2 0.750210 0.067167 0.036104 0.091444
2 0.784215 0.077835 0.045340 0.100588
2 0.823678 0.085455 0.045340 0.097540
2 0.856843 0.103744 0.037783 0.085347
2 0.880353 0.105268 0.024349 0.076203
2 0.901763 0.106792 0.026868 0.067059
2 0.494962 0.058022 0.049538 0.097540
2 0.544081 0.076311 0.052057 0.103636
2 0.576406 0.077835 0.029387 0.100588
2 0.597397 0.088503 0.027708 0.091444
2 0.617128 0.096124 0.031906 0.094492
2 0.643997 0.103744 0.030227 0.079251
2 0.677582 0.117461 0.045340 0.082299
2 0.706549 0.122033 0.032746 0.091444
2 0.730059 0.129653 0.031066 0.082299
2 0.755668 0.132701 0.028547 0.088396
2 0.790512 0.150990 0.047859 0.082299
2 0.829555 0.160134 0.045340 0.088396
2 0.863980 0.172327 0.035264 0.076203
2 0.883711 0.175375 0.031066 0.088396
2 0.902603 0.182995 0.026868 0.060962
2 0.456339 0.129653 0.027708 0.082299
2 0.491184 0.140322 0.053736 0.097540
2 0.541142 0.152514 0.056255 0.091444
2 0.574307 0.160134 0.026868 0.070107
2 0.596138 0.154038 0.028547 0.082299
2 0.617968 0.169279 0.028547 0.076203
2 0.643997 0.176899 0.036944 0.079251
2 0.678002 0.189091 0.044500 0.097540
2 0.707389 0.192140 0.032746 0.079251
2 0.736776 0.199760 0.032746 0.082299
2 0.759446 0.207380 0.036104 0.060962
2 0.792191 0.219573 0.047859 0.067059
2 0.837112 0.227193 0.048699 0.076203
2 0.865659 0.233289 0.040302 0.076203
2 0.889589 0.247006 0.022670 0.060962
2 0.911839 0.245482 0.026868 0.070107
2 0.452141 0.192140 0.027708 0.091444
2 0.489505 0.210428 0.057095 0.091444
2 0.539043 0.216525 0.055416 0.091444
2 0.575147 0.228717 0.031906 0.085347
2 0.595298 0.231765 0.028547 0.091444
2 0.621327 0.237861 0.030227 0.073155
2 0.643997 0.242434 0.033585 0.088396
2 0.682620 0.250054 0.041982 0.073155
2 0.713686 0.263770 0.026868 0.088396
2 0.739295 0.266819 0.034425 0.082299
2 0.762804 0.271391 0.032746 0.079251
2 0.799748 0.288155 0.049538 0.076203
2 0.838791 0.295776 0.047019 0.079251
2 0.874895 0.306444 0.033585 0.070107
2 0.897565 0.311016 0.028547 0.067059
2 0.918976 0.312540 0.020991 0.070107
2 0.451301 0.269867 0.026029 0.070107
2 0.488245 0.283583 0.057935 0.091444
2 0.539043 0.297300 0.053736 0.088396
2 0.575567 0.292728 0.029387 0.079251
2 0.601595 0.304920 0.022670 0.060962
2 0.623006 0.314065 0.028547 0.079251
2 0.646096 0.320161 0.034425 0.079251
2 0.679261 0.321685 0.053736 0.094492
2 0.714526 0.336925 0.033585 0.070107
2 0.740134 0.338449 0.036104 0.091444
2 0.767003 0.347594 0.034425 0.085347
2 0.803946 0.350642 0.042821 0.085347
2 0.842989 0.362834 0.048699 0.091444
2 0.878254 0.371979 0.040302 0.085347
2 0.901343 0.388744 0.027708 0.082299
2 0.921495 0.378075 0.027708 0.085347
2 0.043661 0.330829 0.031906 0.094492
2 0.068850 0.341498 0.026868 0.091444
2 0.094039 0.347594 0.038623 0.097540
2 0.126364 0.358262 0.037783 0.100588
2 0.153233 0.362834 0.027708 0.103636
2 0.174643 0.364359 0.030227 0.118877
2 0.198573 0.375027 0.047859 0.121925
2 0.223762 0.375027 0.039463 0.115829
2 0.250630 0.385695 0.037783 0.106684
2 0.279177 0.400936 0.034425 0.106684
2 0.317380 0.420749 0.055416 0.109732
2 0.362301 0.405508 0.052897 0.115829
2 0.399244 0.416177 0.037783 0.112781
2 0.425693 0.420749 0.030227 0.103636
2 0.452141 0.346070 0.026029 0.094492
2 0.040302 0.426845 0.030227 0.079251
2 0.065071 0.431417 0.029387 0.100588
2 0.084803 0.434465 0.036944 0.088396
2 0.113350 0.448182 0.045340 0.091444
2 0.141478 0.452754 0.036104 0.100588
2 0.162049 0.463423 0.026868 0.091444
2 0.191436 0.471043 0.038623 0.106684
2 0.212846 0.471043 0.032746 0.100588
2 0.245172 0.484759 0.038623 0.085347
2 0.271201 0.483235 0.035264 0.094492
2 0.310663 0.496952 0.052057 0.115829
2 0.358522 0.503048 0.052057 0.097540
2 0.392527 0.507620 0.031066 0.076203
2 0.421914 0.518289 0.024349 0.085347
2 0.033165 0.504572 0.027708 0.094492
2 0.052477 0.509144 0.032746 0.091444
2 0.076406 0.524385 0.030227 0.079251
2 0.102855 0.524385 0.036104 0.097540
2 0.132242 0.541150 0.034425 0.094492
2 0.155751 0.542674 0.036104 0.091444
2 0.182620 0.542674 0.039463 0.115829
2 0.209068 0.545722 0.033585 0.109732
2 0.232997 0.560962 0.037783 0.097540
2 0.265743 0.570107 0.044500 0.091444
2 0.303946 0.574679 0.057095 0.100588
2 0.350546 0.583823 0.051217 0.100588
2 0.389169 0.594492 0.032746 0.097540
2 0.416457 0.606684 0.030227 0.103636
2 0.027288 0.567059 0.022670 0.097540
2 0.047439 0.606684 0.027708 0.085347
2 0.068430 0.602112 0.032746 0.112781
2 0.096138 0.614305 0.037783 0.094492
2 0.120067 0.631069 0.028547 0.097540
2 0.140638 0.637166 0.026029 0.103636
2 0.170445 0.641738 0.035264 0.100588
2 0.197733 0.649358 0.032746 0.109732
2 0.222502 0.650882 0.038623 0.088396
2 0.254828 0.663075 0.039463 0.100588
2 0.296390 0.669171 0.062133 0.094492
2 0.347607 0.690508 0.058774 0.118877
2 0.387909 0.690508 0.030227 0.088396
2 0.416457 0.698128 0.031906 0.091444
2 0.083543 0.698128 0.039463 0.121925
2 0.076826 0.800240 0.026029 0.094492
1 0.057935 0.681363 0.035264 0.082299
1 0.028547 0.754518 0.020151 0.149358
1 0.051217 0.775855 0.028547 0.112781
1 0.486566 0.356738 0.061293 0.097540
1 0.543241 0.367407 0.052057 0.112781
1 0.576406 0.379599 0.024349 0.100588
1 0.598657 0.384171 0.026868 0.097540
1 0.623426 0.394840 0.029387 0.088396
1 0.651973 0.388744 0.026029 0.094492
1 0.686398 0.403984 0.047859 0.094492
1 0.719563 0.405508 0.036944 0.085347
1 0.747271 0.416177 0.026868 0.082299
1 0.772040 0.426845 0.031066 0.085347
1 0.807725 0.432941 0.043661 0.097540
1 0.852225 0.439038 0.050378 0.085347
1 0.886230 0.449706 0.034425 0.088396
1 0.910579 0.454278 0.029387 0.079251
1 0.930311 0.460374 0.023510 0.073155
1 0.448363 0.425321 0.026868 0.076203
1 0.485726 0.440562 0.057935 0.100588
1 0.539463 0.446658 0.056255 0.094492
1 0.576826 0.463423 0.026868 0.073155
1 0.600336 0.472567 0.030227 0.085347
1 0.625105 0.463423 0.032746 0.079251
1 0.653233 0.478663 0.033585 0.103636
1 0.691016 0.486283 0.048699 0.112781
1 0.724601 0.496952 0.030227 0.097540
1 0.751050 0.498476 0.027708 0.094492
1 0.778757 0.500000 0.032746 0.097540
1 0.813602 0.513717 0.050378 0.100588
1 0.858942 0.513717 0.048699 0.094492
1 0.895046 0.522861 0.035264 0.076203
1 0.916037 0.528957 0.023510 0.082299
1 0.934509 0.535053 0.023510 0.070107
1 0.444165 0.503048 0.028547 0.103636
1 0.484047 0.521337 0.057935 0.115829
1 0.538203 0.533529 0.057095 0.109732
1 0.574307 0.539626 0.028547 0.097540
1 0.599496 0.544198 0.028547 0.106684
1 0.625945 0.557914 0.032746 0.103636
1 0.654072 0.568583 0.028547 0.094492
1 0.691016 0.568583 0.053736 0.112781
1 0.730479 0.574679 0.030227 0.094492
1 0.756927 0.591444 0.036104 0.103636
1 0.785055 0.580775 0.031906 0.082299
1 0.825357 0.602112 0.045340 0.094492
1 0.862301 0.600588 0.052057 0.109732
1 0.900924 0.605160 0.031906 0.082299
1 0.919815 0.603636 0.027708 0.085347
1 0.939127 0.600588 0.020991 0.079251
1 0.444165 0.597540 0.026868 0.103636
1 0.481528 0.611256 0.057935 0.106684
1 0.534005 0.620401 0.062133 0.112781
1 0.575987 0.638690 0.023510 0.100588
1 0.598237 0.638690 0.029387 0.106684
1 0.628044 0.641738 0.030227 0.076203
1 0.660369 0.653930 0.031066 0.088396
1 0.692275 0.656978 0.056255 0.106684
1 0.730898 0.664599 0.036104 0.085347
1 0.760285 0.679839 0.026029 0.079251
1 0.785474 0.679839 0.036104 0.097540
1 0.823678 0.685935 0.050378 0.109732
1 0.873216 0.693556 0.052057 0.106684
1 0.906801 0.702700 0.035264 0.106684
1 0.927792 0.692032 0.023510 0.097540
1 0.944165 0.687460 0.022670 0.094492
1 0.440386 0.693556 0.036104 0.088396
1 0.481108 0.716417 0.062133 0.115829
1 0.536104 0.717941 0.057935 0.100588
1 0.575987 0.730133 0.033585 0.094492
1 0.602855 0.739278 0.026868 0.094492
1 0.627204 0.736230 0.033585 0.106684
1 0.659950 0.751470 0.035264 0.106684
1 0.698573 0.751470 0.050378 0.100588
1 0.736356 0.760614 0.033585 0.094492
1 0.766163 0.769759 0.034425 0.088396
1 0.793031 0.775855 0.037783 0.082299
1 0.832914 0.766711 0.052057 0.088396
1 0.875315 0.778903 0.047859 0.088396
1 0.910579 0.778903 0.027708 0.082299
1 0.929471 0.775855 0.023510 0.076203
1 0.945844 0.763663 0.022670 0.082299
1 0.105374 0.710320 0.034425 0.091444
1 0.131822 0.722513 0.026868 0.091444
1 0.159110 0.731657 0.031066 0.109732
1 0.185139 0.736230 0.027708 0.112781
1 0.211167 0.733181 0.031066 0.106684
1 0.241814 0.752994 0.035264 0.115829
1 0.283375 0.763663 0.061293 0.124973
1 0.341730 0.774331 0.052057 0.109732
1 0.379513 0.788048 0.031906 0.118877
1 0.406381 0.795668 0.028547 0.103636
1 0.431990 0.798716 0.032746 0.115829
1 0.476490 0.804812 0.064652 0.115829
1 0.537364 0.823101 0.055416 0.115829
1 0.578086 0.830721 0.027708 0.088396
1 0.602855 0.838342 0.026868 0.097540
1 0.627624 0.853582 0.029387 0.097540
1 0.663308 0.844438 0.030227 0.103636
1 0.699412 0.845962 0.057095 0.124973
1 0.741394 0.865775 0.038623 0.085347
1 0.771201 0.861203 0.034425 0.082299
1 0.799748 0.868823 0.034425 0.097540
1 0.840050 0.870347 0.051217 0.106684
1 0.879513 0.861203 0.041142 0.088396
1 0.912259 0.855106 0.034425 0.094492
1 0.933669 0.850534 0.018472 0.067059
1 0.946264 0.832245 0.025189 0.085347
1 0.099916 0.813957 0.025189 0.103636
1 0.122586 0.815481 0.031906 0.106684
1 0.147355 0.835294 0.032746 0.097540
1 0.175063 0.839866 0.032746 0.088396
1 0.204030 0.842914 0.033585 0.112781
1 0.239295 0.856630 0.038623 0.115829
1 0.280856 0.873395 0.054576 0.106684
1 0.336272 0.882539 0.059614 0.106684
1 0.377414 0.891684 0.041142 0.118877
1 0.405122 0.902352 0.036104 0.109732
1 0.432410 0.913021 0.038623 0.131069
1 0.478170 0.906924 0.068010 0.124973
1 0.538623 0.922165 0.066331 0.124973
1 0.578086 0.931309 0.041142 0.118877
1 0.611251 0.940454 0.035264 0.100588
1 0.635181 0.943502 0.037783 0.082299
1 0.665407 0.952646 0.039463 0.082299
1 0.703610 0.941978 0.063812 0.103636
1 0.746432 0.945026 0.040302 0.091444
1 0.774139 0.949598 0.038623 0.094492
1 0.805626 0.957218 0.034425 0.073155
1 0.841310 0.951122 0.053736 0.091444
1 0.885390 0.948074 0.044500 0.103636
1 0.914777 0.938930 0.029387 0.085347
1 0.933249 0.929785 0.022670 0.085347
1 0.949202 0.923689 0.019312 0.073155
