1 0.106698 0.934710 0.140812 0.037468
1 0.218264 0.935906 0.103984 0.031888
1 0.313583 0.934311 0.099651 0.033482
1 0.402403 0.931920 0.116982 0.033482
1 0.507470 0.936304 0.106150 0.032685
1 0.602789 0.935108 0.114816 0.036671
1 0.697025 0.935507 0.116982 0.031091
1 0.758765 0.933115 0.088820 0.031091
1 0.840003 0.934710 0.069323 0.029496
1 0.126195 0.902423 0.132146 0.023916
1 0.224763 0.901626 0.077988 0.025510
1 0.315750 0.902025 0.086653 0.024713
1 0.395904 0.904416 0.108317 0.026307
1 0.491223 0.903619 0.121315 0.031091
1 0.585458 0.904815 0.114816 0.030293
1 0.677528 0.905612 0.129980 0.028699
1 0.807508 0.907605 0.116982 0.029496
1 0.119696 0.874522 0.119148 0.035077
1 0.208516 0.875319 0.114816 0.028699
1 0.295169 0.874123 0.106150 0.034279
1 0.387239 0.874920 0.125647 0.042251
1 0.485807 0.872927 0.136479 0.036671
1 0.594124 0.873724 0.101818 0.036671
1 0.681860 0.876515 0.095319 0.035874
1 0.784761 0.872529 0.106150 0.037468
1 0.102365 0.847417 0.162475 0.049426
1 0.094783 0.815529 0.168974 0.047832
1 0.220431 0.841837 0.112649 0.036671
1 0.307084 0.845424 0.099651 0.031091
1 0.385072 0.843431 0.116982 0.033482
1 0.496639 0.842634 0.123481 0.031888
1 0.603872 0.843033 0.082321 0.031091
1 0.691609 0.841837 0.084487 0.027105
1 0.782595 0.842235 0.127814 0.031091
1 0.917991 0.935906 0.090986 0.027105
1 0.911492 0.906409 0.108317 0.033482
1 0.897411 0.872529 0.132146 0.032685
1 0.913658 0.841438 0.147311 0.039062
1 0.213932 0.809152 0.095319 0.031888
1 0.308167 0.809949 0.101818 0.033482
1 0.383989 0.811543 0.088820 0.027105
1 0.485807 0.812341 0.162475 0.031888
1 0.609288 0.813935 0.088820 0.030293
1 0.668862 0.813935 0.099651 0.031888
1 0.777179 0.812341 0.142978 0.031888
1 0.915824 0.809550 0.112649 0.023119
1 0.104532 0.778460 0.119148 0.027902
1 0.211765 0.777264 0.108317 0.027105
1 0.347161 0.777264 0.158143 0.028699
1 0.487973 0.778858 0.123481 0.030293
1 0.640700 0.780453 0.173307 0.030293
1 0.779345 0.780453 0.138645 0.027105
1 0.899577 0.784837 0.114816 0.035874
2 0.104532 0.746572 0.119148 0.037468
2 0.205266 0.746971 0.090986 0.035077
2 0.341746 0.745775 0.207968 0.029496
2 0.490140 0.748964 0.123481 0.034279
2 0.636367 0.747369 0.181972 0.031091
2 0.785844 0.748166 0.134313 0.039062
2 0.900660 0.749362 0.125647 0.028699
2 0.099116 0.712691 0.134313 0.028699
2 0.202017 0.712293 0.106150 0.029496
2 0.341746 0.714286 0.181972 0.030293
2 0.489056 0.716279 0.142978 0.032685
2 0.642866 0.713489 0.186305 0.030293
2 0.799926 0.716279 0.149477 0.029496
2 0.914741 0.716279 0.106150 0.031091
2 0.111031 0.680405 0.106150 0.032685
2 0.212849 0.681999 0.114816 0.027902
2 0.347161 0.682797 0.166808 0.031091
2 0.485807 0.682398 0.140812 0.033482
2 0.634201 0.683992 0.181972 0.027105
2 0.788011 0.679209 0.129980 0.022321
2 0.102365 0.646524 0.132146 0.025510
2 0.218264 0.650112 0.112649 0.029496
2 0.348245 0.648517 0.151644 0.029496
2 0.481474 0.649314 0.136479 0.034279
2 0.636367 0.650909 0.186305 0.032685
2 0.784761 0.650112 0.145144 0.029496
2 0.096950 0.617427 0.112649 0.029496
2 0.092617 0.583546 0.129980 0.028699
2 0.089367 0.550064 0.127814 0.035077
2 0.203100 0.613839 0.095319 0.030293
2 0.185769 0.584742 0.112649 0.026307
2 0.203100 0.555246 0.103984 0.034279
2 0.336330 0.616231 0.201469 0.039860
2 0.336330 0.585539 0.184139 0.040657
2 0.331997 0.554448 0.205802 0.032685
2 0.486890 0.619021 0.138645 0.034279
2 0.484724 0.585140 0.129980 0.028699
2 0.487973 0.554448 0.132146 0.034279
2 0.640700 0.619021 0.168974 0.029496
2 0.643949 0.589525 0.175473 0.034279
2 0.636367 0.560029 0.212301 0.037468
2 0.788011 0.621014 0.134313 0.031888
2 0.792343 0.591916 0.125647 0.024713
2 0.796676 0.558833 0.138645 0.035077
2 0.906076 0.683594 0.123481 0.031091
2 0.914741 0.646524 0.140812 0.027105
2 0.907159 0.621413 0.134313 0.032685
2 0.913658 0.596301 0.138645 0.028699
2 0.919074 0.564413 0.145144 0.036671
